tic,n_cadences,tau_recorded,tau_recomputed,tau_c,has_m1_row,n_events,baseline_days,obs_R,fap_A_0.05,Lb_A_0.05,fap_C_0.05,Lb_C_0.05,fap_A_0.1,Lb_A_0.1,fap_C_0.1,Lb_C_0.1,fap_A_0.2,Lb_A_0.2,fap_C_0.2,Lb_C_0.2
100029948,27523,,0.0583337828652474,0.0583337828652474,False,28,49.60428192617974,0.9967491873524948,0.0009990009990009,0.15,0.0009990009990009,0.1750013485957424,0.0009990009990009,0.3,0.0009990009990009,0.3,0.0009990009990009,0.6000000000000001,0.0009990009990009,0.6000000000000001
100067280,27619,,0.0083334022110648,0.0083334022110648,False,27,49.604315725505785,0.47055397624307,0.2217782217782218,0.15,0.2217782217782218,0.15,0.2187812187812187,0.3,0.2187812187812187,0.3,0.2287712287712287,0.6000000000000001,0.2287712287712287,0.6000000000000001
100100829,27529,,0.0083333884729199,0.0083333884729199,False,35,49.60423528880483,0.5497291993457553,0.0029970029970029,0.15,0.0029970029970029,0.15,0.0049950049950049,0.3,0.0049950049950049,0.3,0.0069930069930069,0.6000000000000001,0.0069930069930069,0.6000000000000001
100101948,27533,,0.0083333942939134,0.0083333942939134,False,34,49.60427103086977,0.4242120782360836,0.3986013986013986,0.15,0.3986013986013986,0.15,0.3956043956043956,0.3,0.3956043956043956,0.3,0.3806193806193806,0.6000000000000001,0.3806193806193806,0.6000000000000001
100102303,27492,,0.0083334108244343,0.0083334108244343,False,32,49.604358489975766,0.331571927712273,0.973026973026973,0.15,0.973026973026973,0.15,0.948051948051948,0.3,0.948051948051948,0.3,0.97002997002997,0.6000000000000001,0.97002997002997,0.6000000000000001
100103683,27528,0.008333373338246,0.008333373338246,0.008333373338246,True,26,49.60415549005984,0.3678020154460627,0.8201798201798202,0.15,0.8201798201798202,0.15,0.8741258741258742,0.3,0.8741258741258742,0.3,0.913086913086913,0.6000000000000001,0.913086913086913,0.6000000000000001
100106368,27555,,0.0083333982513522,0.0083333982513522,False,28,49.60429635050377,0.4572651982692244,0.3906093906093906,0.15,0.3906093906093906,0.15,0.3586413586413586,0.3,0.3586413586413586,0.3,0.3536463536463536,0.6000000000000001,0.3536463536463536,0.6000000000000001
100107681,27619,,0.008333397786373,0.008333397786373,False,34,49.60429849883212,0.4379963323275224,0.2107892107892107,0.15,0.2107892107892107,0.15,0.1738261738261738,0.3,0.1738261738261738,0.3,0.1688311688311688,0.6000000000000001,0.1688311688311688,0.6000000000000001
100123131,27491,,0.0083334003470554,0.0083334003470554,False,33,49.60430637153467,0.3286109414924125,0.985014985014985,0.15,0.985014985014985,0.15,0.986013986013986,0.3,0.986013986013986,0.3,0.978021978021978,0.6000000000000001,0.978021978021978,0.6000000000000001
100123854,11040,,0.0027777475461334,0.0027777475461334,False,8,17.77479447021551,0.6283351900569243,0.5324675324675324,0.15,0.5324675324675324,0.15,0.5574425574425574,0.3,0.5574425574425574,0.3,0.6303696303696303,0.6000000000000001,0.6303696303696303,0.6000000000000001
100921427,11181,,0.0027778162309459,0.0027778162309459,False,13,17.778016339190344,0.6571441742328262,0.3066933066933067,0.15,0.3066933066933067,0.15,0.3016983016983017,0.3,0.3016983016983017,0.3,0.3136863136863136,0.6000000000000001,0.3136863136863136,0.6000000000000001
100975203,11750,,0.0027778164640039,0.0027778164640039,False,9,17.778021537367295,0.6909096156124621,0.2947052947052947,0.15,0.2947052947052947,0.15,0.2697302697302697,0.3,0.2697302697302697,0.3,0.2937062937062937,0.6000000000000001,0.2937062937062937,0.6000000000000001
100990409,11256,,0.0027778218245657,0.0027778218245657,False,5,17.77805352736641,0.7709909296251236,0.2567432567432567,0.15,0.2567432567432567,0.15,0.3106893106893107,0.3,0.3106893106893107,0.3,0.3486513486513486,0.6000000000000001,0.3486513486513486,0.6000000000000001
101014057,11209,,0.0027778215860507,0.0027778215860507,False,12,17.778051104763563,0.5669634270133618,0.5624375624375625,0.15,0.5624375624375625,0.15,0.6343656343656343,0.3,0.6343656343656343,0.3,0.7152847152847153,0.6000000000000001,0.7152847152847153,0.6000000000000001
101017159,11152,,0.002777815532454,0.002777815532454,False,12,17.77801237711128,0.5127945671787718,0.7392607392607392,0.15,0.7392607392607392,0.15,0.7322677322677322,0.3,0.7322677322677322,0.3,0.7562437562437563,0.6000000000000001,0.7562437562437563,0.6000000000000001
101017638,11216,,0.0027778236815265,0.0027778236815265,False,12,17.778064471570815,0.6768773030413139,0.1418581418581418,0.15,0.1418581418581418,0.15,0.1468531468531468,0.3,0.1468531468531468,0.3,0.1648351648351648,0.6000000000000001,0.1648351648351648,0.6000000000000001
101058021,11222,,0.0027778257777981,0.0027778257777981,False,8,17.778078185994218,0.6768521818429789,0.5324675324675324,0.15,0.5324675324675324,0.15,0.6213786213786214,0.3,0.6213786213786214,0.3,0.6503496503496503,0.6000000000000001,0.6503496503496503,0.6000000000000001
101070347,11752,,0.0027778253177075,0.0027778253177075,False,14,17.778079592058475,0.4914721750230106,0.8641358641358642,0.15,0.8641358641358642,0.15,0.8391608391608392,0.3,0.8391608391608392,0.3,0.8321678321678322,0.6000000000000001,0.8321678321678322,0.6000000000000001
101099031,11752,,0.0027778288053923,0.0027778288053923,False,4,17.778101090708788,0.919505955031822,0.2517482517482518,0.15,0.2517482517482518,0.15,0.2937062937062937,0.3,0.2937062937062937,0.3,0.3046953046953047,0.6000000000000001,0.3046953046953047,0.6000000000000001
101100320,11752,,0.0027778262483479,0.0027778262483479,False,7,17.7780854214393,0.8846101375696442,0.0469530469530469,0.15,0.0469530469530469,0.15,0.0789210789210789,0.3,0.0789210789210789,0.3,0.0999000999000999,0.6000000000000001,0.0999000999000999,0.6000000000000001
101101390,11365,,0.0027778313703947,0.0027778313703947,False,14,17.778114959498907,0.51711158540584,0.7532467532467533,0.15,0.7532467532467533,0.15,0.7682317682317682,0.3,0.7682317682317682,0.3,0.7712287712287712,0.6000000000000001,0.7712287712287712,0.6000000000000001
101126095,11750,,0.0027778311329029,0.0027778311329029,False,10,17.776727157559435,0.6598549315757009,0.4705294705294705,0.15,0.4705294705294705,0.15,0.5604395604395604,0.3,0.5604395604395604,0.3,0.5894105894105894,0.6000000000000001,0.5894105894105894,0.6000000000000001
101139085,11752,,0.0027778285766544,0.0027778285766544,False,9,17.77810026322868,0.7865168076990889,0.1218781218781218,0.15,0.1218781218781218,0.15,0.1628371628371628,0.3,0.1628371628371628,0.3,0.1628371628371628,0.6000000000000001,0.1628371628371628,0.6000000000000001
101930558,16542,,0.0055556050544964,0.0055556050544964,False,16,24.904318413265173,0.4417384026010372,0.8171828171828172,0.15,0.8171828171828172,0.15,0.8511488511488512,0.3,0.8511488511488512,0.3,0.8591408591408591,0.6000000000000001,0.8591408591408591,0.6000000000000001
101932572,16545,,0.0055556022603013,0.0055556022603013,False,15,24.90430801923958,0.5256082442439971,0.4045954045954046,0.15,0.4045954045954046,0.15,0.3786213786213786,0.3,0.3786213786213786,0.3,0.3996003996003996,0.6000000000000001,0.3996003996003996,0.6000000000000001
101932654,16545,0.0055556050542691,0.0055556050542691,0.0055556050542691,True,19,24.904319499652956,0.4299887035582705,0.7082917082917083,0.15,0.7082917082917083,0.15,0.7372627372627373,0.3,0.7372627372627373,0.3,0.7502497502497503,0.6000000000000001,0.7502497502497503,0.6000000000000001
101933280,16544,,0.0055556115735271,0.0055556115735271,False,10,24.90434705003736,0.6880078489006378,0.2177822177822178,0.15,0.2177822177822178,0.15,0.4825174825174825,0.3,0.4825174825174825,0.3,0.6183816183816184,0.6000000000000001,0.6183816183816184,0.6000000000000001
101944261,16542,,0.0055556176280333,0.0055556176280333,False,11,24.90437491846842,0.6283358178997818,0.2427572427572427,0.15,0.2427572427572427,0.15,0.4095904095904096,0.3,0.4095904095904096,0.3,0.4975024975024975,0.6000000000000001,0.4975024975024975,0.6000000000000001
101948395,16543,,0.0055556176280333,0.0055556176280333,False,12,24.90437737878983,0.5290375674145482,0.7072927072927073,0.15,0.7072927072927073,0.15,0.7062937062937062,0.3,0.7062937062937062,0.3,0.7302697302697303,0.6000000000000001,0.7302697302697303,0.6000000000000001
101948780,16543,,0.0055556050547238,0.0055556050547238,False,15,24.90432503170905,0.4742807664889603,0.7392607392607392,0.15,0.7392607392607392,0.15,0.7142857142857143,0.3,0.7142857142857143,0.3,0.6623376623376623,0.6000000000000001,0.6623376623376623,0.6000000000000001
101949364,16544,0.0055555952756094,0.0055555952756094,0.0055555952756094,True,19,24.90428452918877,0.4669908820500219,0.6783216783216783,0.15,0.6783216783216783,0.15,0.7052947052947053,0.3,0.7052947052947053,0.3,0.7322677322677322,0.6000000000000001,0.7322677322677322,0.6000000000000001
101949836,16543,,0.0055556120387336,0.0055556120387336,False,11,24.904353335067754,0.712449602888999,0.0849150849150849,0.15,0.0849150849150849,0.15,0.1018981018981019,0.3,0.1018981018981019,0.3,0.1218781218781218,0.6000000000000001,0.1218781218781218,0.6000000000000001
101963736,16545,,0.0055556027253942,0.0055556027253942,False,12,24.904315792057787,0.5955594814600425,0.1758241758241758,0.15,0.1758241758241758,0.15,0.1738261738261738,0.3,0.1738261738261738,0.3,0.1978021978021978,0.6000000000000001,0.1978021978021978,0.6000000000000001
101992165,16544,,0.0055555934127369,0.0055555934127369,False,17,24.904278116334353,0.560326256177954,0.2557442557442557,0.15,0.2557442557442557,0.15,0.2367632367632367,0.3,0.2367632367632367,0.3,0.2437562437562437,0.6000000000000001,0.2437562437562437,0.6000000000000001
102029678,16542,,0.0055556048205289,0.0055556048205289,False,18,24.904326220076655,0.38185391770943,0.982017982017982,0.15,0.982017982017982,0.15,0.9790209790209792,0.3,0.9790209790209792,0.3,0.9790209790209792,0.6000000000000001,0.9790209790209792,0.6000000000000001
102049230,16545,,0.0055556180927851,0.0055556180927851,False,14,24.904385830775027,0.6158303927029969,0.2837162837162837,0.15,0.2837162837162837,0.15,0.2797202797202797,0.3,0.2797202797202797,0.3,0.2757242757242757,0.6000000000000001,0.2757242757242757,0.6000000000000001
102063797,27616,,0.0083333579731288,0.0083333579731288,False,29,49.604040059611634,0.3695755133834646,0.8831168831168831,0.15,0.8831168831168831,0.15,0.8791208791208791,0.3,0.8791208791208791,0.3,0.8661338661338661,0.6000000000000001,0.8661338661338661,0.6000000000000001
102070608,27618,,0.0083333481927638,0.0083333481927638,False,28,49.60398561123429,0.4356130936773147,0.3846153846153846,0.15,0.3846153846153846,0.15,0.3886113886113886,0.3,0.3886113886113886,0.3,0.3896103896103896,0.6000000000000001,0.3896103896103896,0.6000000000000001
102086414,27616,,0.0083333453983414,0.0083333453983414,False,25,49.60397352336577,0.3863109273957734,0.8041958041958042,0.15,0.8041958041958042,0.15,0.8511488511488512,0.3,0.8511488511488512,0.3,0.8761238761238761,0.6000000000000001,0.8761238761238761,0.6000000000000001
10802452,11136,,0.5500026349218388,0.5500026349218388,False,2,17.775046821147498,1.0,0.0399600399600399,0.15,0.2127872127872128,1.6500079047655165,0.1028971028971029,0.3,0.2127872127872128,1.6500079047655165,0.1558441558441558,0.6000000000000001,0.2127872127872128,1.6500079047655165
10819194,11212,,0.0027777966733992,0.0027777966733992,False,7,17.77507670775458,0.6917943116576595,0.4375624375624375,0.15,0.4375624375624375,0.15,0.5354645354645354,0.3,0.5354645354645354,0.3,0.5544455544455544,0.6000000000000001,0.5544455544455544,0.6000000000000001
10819945,11211,,0.3333357125393377,0.3333357125393377,False,1,17.77647045572303,,,,,,,,,,,,,
10838083,11152,,0.0027777999328009,0.0027777999328009,False,9,17.776487552942854,0.615854219146979,0.6573426573426573,0.15,0.6573426573426573,0.15,0.6763236763236763,0.3,0.6763236763236763,0.3,0.6643356643356644,0.6000000000000001,0.6643356643356644,0.6000000000000001
111245072,8933,,0.0027777596530995,0.0027777596530995,False,13,17.776306554125767,0.6101443441167952,0.4585414585414585,0.15,0.4585414585414585,0.15,0.3756243756243756,0.3,0.3756243756243756,0.3,0.3156843156843157,0.6000000000000001,0.3156843156843157,0.6000000000000001
111267568,11072,,0.0027777673365108,0.0027777673365108,False,3,17.774912859475535,0.9918190008946336,0.1558441558441558,0.15,0.1558441558441558,0.15,0.1578421578421578,0.3,0.1578421578421578,0.3,0.1478521478521478,0.6000000000000001,0.1478521478521478,0.6000000000000001
111269697,10867,0.0027777703633091,0.0027777703633091,0.0027777703633091,True,6,17.77493620749965,0.7873601322880631,0.2067932067932067,0.15,0.2067932067932067,0.15,0.2947052947052947,0.3,0.2947052947052947,0.3,0.4005994005994006,0.6000000000000001,0.4005994005994006,0.6000000000000001
114750450,16545,0.0055556516213073,0.0055556516213073,0.0055556516213073,True,18,24.904458671841898,0.4613660800400683,0.7442557442557443,0.15,0.7442557442557443,0.15,0.7662337662337663,0.3,0.7662337662337663,0.3,0.7582417582417582,0.6000000000000001,0.7582417582417582,0.6000000000000001
114750474,16545,,0.005555651153827,0.005555651153827,False,11,24.904454887412612,0.8625154679670021,0.0279720279720279,0.15,0.0279720279720279,0.15,0.0409590409590409,0.3,0.0409590409590409,0.3,0.0619380619380619,0.6000000000000001,0.0619380619380619,0.6000000000000001
114818487,16543,,0.038889620016107,0.038889620016107,False,4,24.90450372736541,0.9289298891713824,0.1868131868131868,0.15,0.1868131868131868,0.15,0.2927072927072927,0.3,0.2927072927072927,0.3,0.3246753246753247,0.6000000000000001,0.3246753246753247,0.6000000000000001
114818789,16546,,0.1000020225583284,0.1000020225583284,False,10,24.90453860586149,0.6396427818566596,0.0879120879120879,0.15,0.2487512487512487,0.3000060676749854,0.2487512487512487,0.3,0.2487512487512487,0.3000060676749854,0.3846153846153846,0.6000000000000001,0.3846153846153846,0.6000000000000001
114858562,16544,,0.0055556679180881,0.0055556679180881,False,11,24.90453915953276,0.5477234251666663,0.7322677322677322,0.15,0.7322677322677322,0.15,0.7752247752247752,0.3,0.7752247752247752,0.3,0.7792207792207793,0.6000000000000001,0.7792207792207793,0.6000000000000001
114859570,16545,,0.0055556637285008,0.0055556637285008,False,17,24.904522470697884,0.4622799432544735,0.5664335664335665,0.15,0.5664335664335665,0.15,0.5884115884115884,0.3,0.5884115884115884,0.3,0.6213786213786214,0.6000000000000001,0.6213786213786214,0.6000000000000001
114918596,16410,0.0055554960499648,0.0055554960499648,0.0055554960499648,True,13,25.271799287153044,0.5238735350425704,0.4835164835164835,0.15,0.4835164835164835,0.15,0.6363636363636364,0.3,0.6363636363636364,0.3,0.6913086913086913,0.6000000000000001,0.6913086913086913,0.6000000000000001
114948814,16417,,0.0055554974469487,0.0055554974469487,False,17,25.28430550431608,0.4608785735143901,0.7372627372627373,0.15,0.7372627372627373,0.15,0.7912087912087912,0.3,0.7912087912087912,0.3,0.8111888111888111,0.6000000000000001,0.8111888111888111,0.6000000000000001
114949823,16413,,0.0055555030335199,0.0055555030335199,False,11,25.284325343349565,0.5957877161914465,0.1738261738261738,0.15,0.1738261738261738,0.15,0.4485514485514486,0.3,0.4485514485514486,0.3,0.5274725274725275,0.6000000000000001,0.5274725274725275,0.6000000000000001
114950121,16419,,0.3388857703439498,0.3388857703439498,False,3,25.28155393087673,0.3437500067933488,0.994005994005994,0.15,0.5534465534465535,1.0166573110318495,0.8631368631368631,0.3,0.5534465534465535,1.0166573110318495,0.6743256743256744,0.6000000000000001,0.5534465534465535,1.0166573110318495
114952667,16421,,0.0055554946532083,0.0055554946532083,False,3,25.28290799612796,0.999980840703553,0.0189810189810189,0.15,0.0189810189810189,0.15,0.0439560439560439,0.3,0.0439560439560439,0.3,0.0619380619380619,0.6000000000000001,0.0619380619380619,0.6000000000000001
114953091,16422,,0.0055554927905632,0.0055554927905632,False,11,25.282900444964525,0.6991246816777953,0.0799200799200799,0.15,0.0799200799200799,0.15,0.0759240759240759,0.3,0.0759240759240759,0.3,0.0859140859140859,0.6000000000000001,0.0859140859140859,0.6000000000000001
114953216,16407,0.1666647836759693,0.1666647836759693,0.1666647836759693,True,0,25.26762232545275,,,,,,,,,,,,,
114990385,16421,0.0055555025689955,0.0055555025689955,0.0055555025689955,True,10,25.284326726363588,0.8118539653711918,0.0249750249750249,0.15,0.0249750249750249,0.15,0.0629370629370629,0.3,0.0629370629370629,0.3,0.0779220779220779,0.6000000000000001,0.0779220779220779,0.6000000000000001
115012786,16422,,0.0055554965151713,0.0055554965151713,False,13,25.284304696859408,0.6863724865051872,0.0429570429570429,0.15,0.0429570429570429,0.15,0.0569430569430569,0.3,0.0569430569430569,0.3,0.0569430569430569,0.6000000000000001,0.0569430569430569,0.6000000000000001
115043101,16420,,0.0055555011720116,0.0055555011720116,False,11,25.284323774071023,0.7030843944232775,0.1158841158841158,0.15,0.1158841158841158,0.15,0.1518481518481518,0.3,0.1518481518481518,0.3,0.1928071928071928,0.6000000000000001,0.1928071928071928,0.6000000000000001
115114717,16420,0.0055555095538011,0.0055555095538011,0.0055555095538011,True,9,25.28436063581853,0.66407417498201,0.2817182817182817,0.15,0.2817182817182817,0.15,0.3626373626373626,0.3,0.3626373626373626,0.3,0.4655344655344655,0.6000000000000001,0.4655344655344655,0.6000000000000001
115115136,16414,0.0888881081700674,0.0888881081700674,0.0888881081700674,True,12,25.278795637479107,0.8756999601419702,0.0029970029970029,0.15,0.0009990009990009,0.2666643245102021,0.0019980019980019,0.3,0.0019980019980019,0.3,0.0069930069930069,0.6000000000000001,0.0069930069930069,0.6000000000000001
115150962,16419,,0.005555514210414,0.005555514210414,False,13,25.284378540960688,0.5813163947337865,0.6043956043956044,0.15,0.6043956043956044,0.15,0.6623376623376623,0.3,0.6623376623376623,0.3,0.7032967032967034,0.6000000000000001,0.7032967032967034,0.6000000000000001
11518255,11226,,0.0027777552295447,0.0027777552295447,False,8,17.776216904549074,0.8027799326018998,0.1848151848151848,0.15,0.1848151848151848,0.15,0.2987012987012987,0.3,0.2987012987012987,0.3,0.3536463536463536,0.6000000000000001,0.3536463536463536,0.6000000000000001
115273603,11072,,0.0027777556949786,0.0027777556949786,False,14,17.77622988997973,0.5054160822368086,0.7622377622377622,0.15,0.7622377622377622,0.15,0.7482517482517482,0.3,0.7482517482517482,0.3,0.7242757242757243,0.6000000000000001,0.7242757242757243,0.6000000000000001
115273621,11032,,0.0027777552293173,0.0027777552293173,False,6,17.77622826482184,0.761322069747814,0.3966033966033966,0.15,0.3966033966033966,0.15,0.4355644355644356,0.3,0.4355644355644356,0.3,0.4705294705294705,0.6000000000000001,0.4705294705294705,0.6000000000000001
115276107,10872,0.0027777503398738,0.0027777503398738,0.0027777503398738,True,4,17.77620430002935,0.8920052153193495,0.0639360639360639,0.15,0.0639360639360639,0.15,0.0849150849150849,0.3,0.0849150849150849,0.3,0.0889110889110889,0.6000000000000001,0.0889110889110889,0.6000000000000001
115276582,11074,,0.0027777570919624,0.0027777570919624,False,12,17.776238152207952,0.5735329554259048,0.6433566433566433,0.15,0.6433566433566433,0.15,0.6393606393606394,0.3,0.6393606393606394,0.3,0.6183816183816184,0.6000000000000001,0.6183816183816184,0.6000000000000001
11528214,11201,,0.0027777570921898,0.0027777570921898,False,10,17.77622963991962,0.6974918329655724,0.0889110889110889,0.15,0.0889110889110889,0.15,0.0749250749250749,0.3,0.0749250749250749,0.3,0.0699300699300699,0.6000000000000001,0.0699300699300699,0.6000000000000001
115284339,10899,,0.0027777517375398,0.0027777517375398,False,10,17.77621249706499,0.6035484527149227,0.5434565434565435,0.15,0.5434565434565435,0.15,0.5764235764235764,0.3,0.5764235764235764,0.3,0.6183816183816184,0.6000000000000001,0.6183816183816184,0.6000000000000001
115320495,10955,,0.0027777584891737,0.0027777584891737,False,10,17.776251866864186,0.7296390598372993,0.1448551448551448,0.15,0.1448551448551448,0.15,0.1458541458541458,0.3,0.1458541458541458,0.3,0.1678321678321678,0.6000000000000001,0.1678321678321678,0.6000000000000001
115321756,11073,,0.0027777659397543,0.0027777659397543,False,8,17.7762923058217,0.7262403430933276,0.4665334665334665,0.15,0.4665334665334665,0.15,0.5184815184815185,0.3,0.5184815184815185,0.3,0.4955044955044955,0.6000000000000001,0.4955044955044955,0.6000000000000001
115350058,8921,,0.0027777484781381,0.0027777484781381,False,12,17.776238309601467,0.564605041818642,0.6613386613386614,0.15,0.6613386613386614,0.15,0.6813186813186813,0.3,0.6813186813186813,0.3,0.6803196803196803,0.6000000000000001,0.6803196803196803,0.6000000000000001
11545988,11046,,0.0027777556952059,0.0027777556952059,False,11,17.776228972161334,0.5113916307990486,0.7762237762237763,0.15,0.7762237762237763,0.15,0.7712287712287712,0.3,0.7712287712287712,0.3,0.7882117882117882,0.6000000000000001,0.7882117882117882,0.6000000000000001
11557550,11041,,0.0027777577909091,0.0027777577909091,False,13,17.776241318704706,0.457109973343708,0.8021978021978022,0.15,0.8021978021978022,0.15,0.8401598401598401,0.3,0.8401598401598401,0.3,0.8291708291708292,0.6000000000000001,0.8291708291708292,0.6000000000000001
115692561,16544,,0.0055556152983626,0.0055556152983626,False,11,24.90433725438652,0.6317339595238686,0.1318681318681318,0.15,0.1318681318681318,0.15,0.2017982017982018,0.3,0.2017982017982018,0.3,0.2127872127872128,0.6000000000000001,0.2127872127872128,0.6000000000000001
115693639,16545,,0.0055556143668127,0.0055556143668127,False,13,24.904334066469342,0.5633781092208218,0.4605394605394605,0.15,0.4605394605394605,0.15,0.5454545454545454,0.3,0.5454545454545454,0.3,0.5784215784215784,0.6000000000000001,0.5784215784215784,0.6000000000000001
11615061,11191,,0.0027777622149187,0.0027777622149187,False,12,17.776262808973115,0.6036077135583271,0.3286713286713286,0.15,0.3286713286713286,0.15,0.3356643356643357,0.3,0.3356643356643357,0.3,0.2817182817182817,0.6000000000000001,0.2817182817182817,0.6000000000000001
11637281,11012,,0.0027777603522736,0.0027777603522736,False,11,17.776258867150318,0.5963465297832161,0.3786213786213786,0.15,0.3786213786213786,0.15,0.3566433566433566,0.3,0.3566433566433566,0.3,0.3896103896103896,0.6000000000000001,0.3896103896103896,0.6000000000000001
116417661,16544,,0.0722230715277874,0.0722230715277874,False,22,24.904363882761572,0.9240550988711804,0.0009990009990009,0.15,0.0009990009990009,0.2166692145833622,0.0009990009990009,0.3,0.0009990009990009,0.3,0.0009990009990009,0.6000000000000001,0.0009990009990009,0.6000000000000001
11645778,11225,,0.0027777696649309,0.0027777696649309,False,10,17.776304215574783,0.5839325018851644,0.5204795204795205,0.15,0.5204795204795205,0.15,0.5634365634365635,0.3,0.5634365634365635,0.3,0.5854145854145855,0.6000000000000001,0.5854145854145855,0.6000000000000001
11649564,11225,,0.0027777715283718,0.0027777715283718,False,8,17.774927874025252,0.7118767020357087,0.2337662337662337,0.15,0.2337662337662337,0.15,0.3226773226773227,0.3,0.3226773226773227,0.3,0.4425574425574425,0.6000000000000001,0.4425574425574425,0.6000000000000001
11649619,11225,,0.0027777733901075,0.0027777733901075,False,14,17.776326669296395,0.607622931991591,0.3936063936063936,0.15,0.3936063936063936,0.15,0.3356643356643357,0.3,0.3356643356643357,0.3,0.3456543456543456,0.6000000000000001,0.3456543456543456,0.6000000000000001
11649757,11226,,0.0027777712947454,0.0027777712947454,False,3,17.7763147199621,0.999867834783756,0.0049950049950049,0.15,0.0049950049950049,0.15,0.0069930069930069,0.3,0.0069930069930069,0.3,0.0059940059940059,0.6000000000000001,0.0059940059940059,0.6000000000000001
11651884,11022,,0.0027777678028542,0.0027777678028542,False,12,17.776303106835257,0.5855025698718623,0.5474525474525475,0.15,0.5474525474525475,0.15,0.5544455544455544,0.3,0.5544455544455544,0.3,0.5764235764235764,0.6000000000000001,0.5764235764235764,0.6000000000000001
11652908,11008,,0.0027777664045061,0.0027777664045061,False,14,17.77629374611206,0.4332088365148127,0.914085914085914,0.15,0.914085914085914,0.15,0.912087912087912,0.3,0.912087912087912,0.3,0.8571428571428571,0.6000000000000001,0.8571428571428571,0.6000000000000001
117549467,16545,,0.0055556860802425,0.0055556860802425,False,3,24.905997937577013,0.981106058545308,0.0969030969030969,0.15,0.0969030969030969,0.15,0.1798201798201798,0.3,0.1798201798201798,0.3,0.2127872127872128,0.6000000000000001,0.2127872127872128,0.6000000000000001
117643471,16544,,0.0055556162310494,0.0055556162310494,False,13,24.904353019815066,0.5612661985659841,0.4915084915084915,0.15,0.4915084915084915,0.15,0.4725274725274725,0.3,0.4725274725274725,0.3,0.4775224775224775,0.6000000000000001,0.4775224775224775,0.6000000000000001
117875969,16542,0.0055556180927851,0.0055556180927851,0.0055556180927851,True,11,24.90436117587251,0.5862868807758391,0.3686313686313686,0.15,0.3686313686313686,0.15,0.5384615384615384,0.3,0.5384615384615384,0.3,0.5724275724275725,0.6000000000000001,0.5724275724275725,0.6000000000000001
118826478,16541,,0.0055556311313011,0.0055556311313011,False,16,24.90441837491107,0.5544299396026167,0.3226773226773227,0.15,0.3226773226773227,0.15,0.3896103896103896,0.3,0.3896103896103896,0.3,0.3696303696303696,0.6000000000000001,0.3696303696303696,0.6000000000000001
120414503,16543,0.0055555473122694,0.0055555473122694,0.0055555473122694,True,13,24.90403488654283,0.7103133341767485,0.1078921078921078,0.15,0.1078921078921078,0.15,0.1538461538461538,0.3,0.1538461538461538,0.3,0.1998001998001998,0.6000000000000001,0.1998001998001998,0.6000000000000001
120414543,16545,,0.0055555487087985,0.0055555487087985,False,15,24.904039912425105,0.4784247620389762,0.7132867132867133,0.15,0.7132867132867133,0.15,0.7452547452547452,0.3,0.7452547452547452,0.3,0.7332667332667333,0.6000000000000001,0.7332667332667333,0.6000000000000001
120430207,16485,,0.0055555612811986,0.0055555612811986,False,22,24.90409278127936,0.4312048589346047,0.7372627372627373,0.15,0.7372627372627373,0.15,0.7222777222777222,0.3,0.7222777222777222,0.3,0.7972027972027972,0.6000000000000001,0.7972027972027972,0.6000000000000001
120461208,16542,,0.0055555808398821,0.0055555808398821,False,17,24.904174412634347,0.4778715869299437,0.7122877122877123,0.15,0.7122877122877123,0.15,0.7442557442557443,0.3,0.7442557442557443,0.3,0.7442557442557443,0.6000000000000001,0.7442557442557443,0.6000000000000001
120461410,16545,,0.0055555780459144,0.0055555780459144,False,15,24.904164088923608,0.4959104235147253,0.6233766233766234,0.15,0.6233766233766234,0.15,0.6593406593406593,0.3,0.6593406593406593,0.3,0.6513486513486514,0.6000000000000001,0.6513486513486514,0.6000000000000001
120488121,16543,,0.005555572924095,0.005555572924095,False,16,24.90414446176601,0.4684101397896287,0.5204795204795205,0.15,0.5204795204795205,0.15,0.5664335664335665,0.3,0.5664335664335665,0.3,0.5384615384615384,0.6000000000000001,0.5384615384615384,0.6000000000000001
120505367,16544,,0.0055555831677338,0.0055555831677338,False,4,24.90418742553902,0.8915977519597341,0.1568431568431568,0.15,0.1568431568431568,0.15,0.3996003996003996,0.3,0.3996003996003996,0.3,0.5414585414585414,0.6000000000000001,0.5414585414585414,0.6000000000000001
120565939,16545,,0.0055555901535626,0.0055555901535626,False,17,24.904223430469756,0.54034201599919,0.2717282717282717,0.15,0.2717282717282717,0.15,0.2427572427572427,0.3,0.2427572427572427,0.3,0.2157842157842157,0.6000000000000001,0.2157842157842157,0.6000000000000001
120584779,16545,,0.0055555985351247,0.0055555985351247,False,20,24.904258789062624,0.3926912268113085,0.928071928071928,0.15,0.928071928071928,0.15,0.9000999000999002,0.3,0.9000999000999002,0.3,0.9170829170829172,0.6000000000000001,0.9170829170829172,0.6000000000000001
120608824,16544,,0.0055556036581947,0.0055556036581947,False,13,24.904282971318935,0.6867681580213372,0.0719280719280719,0.15,0.0719280719280719,0.15,0.1038961038961039,0.3,0.1038961038961039,0.3,0.1298701298701298,0.6000000000000001,0.1298701298701298,0.6000000000000001
121420805,16491,,0.0944456256542025,0.0944456256542025,False,15,25.379368453505776,0.9455242274644924,0.0009990009990009,0.15,0.0009990009990009,0.2833368769626077,0.0009990009990009,0.3,0.0009990009990009,0.3,0.0009990009990009,0.6000000000000001,0.0009990009990009,0.6000000000000001
121423680,16489,,0.00555562643558,0.00555562643558,False,15,25.379375536213956,0.4780802045532557,0.6983016983016983,0.15,0.6983016983016983,0.15,0.7392607392607392,0.3,0.7392607392607392,0.3,0.7672327672327672,0.6000000000000001,0.7672327672327672,0.6000000000000001
12377867,16546,,0.0055556106408403,0.0055556106408403,False,12,24.904293019358192,0.828300514725702,0.0039960039960039,0.15,0.0039960039960039,0.15,0.0069930069930069,0.3,0.0069930069930069,0.3,0.0089910089910089,0.6000000000000001,0.0089910089910089,0.6000000000000001
12377884,16546,,0.0055556120382789,0.0055556120382789,False,0,24.9042991791257,,,,,,,,,,,,,
12393723,16546,0.0055556148331561,0.0055556148331561,0.0055556148331561,True,17,24.904311856754248,0.9342107924229334,0.0009990009990009,0.15,0.0009990009990009,0.15,0.0059940059940059,0.3,0.0059940059940059,0.3,0.0019980019980019,0.6000000000000001,0.0019980019980019,0.6000000000000001
12393811,16546,,0.4055597468141059,0.4055597468141059,False,2,24.9043036429548,1.0,0.0069930069930069,0.15,0.1918081918081918,1.2166792404423177,0.0539460539460539,0.3,0.1918081918081918,1.2166792404423177,0.1268731268731268,0.6000000000000001,0.1918081918081918,1.2166792404423177
12393831,16546,,0.0055556120391884,0.0055556120391884,False,14,24.90430055655179,0.6247964987334544,0.0659340659340659,0.15,0.0659340659340659,0.15,0.0959040959040959,0.3,0.0959040959040959,0.3,0.0789210789210789,0.6000000000000001,0.0789210789210789,0.6000000000000001
12418307,16546,,0.0055556171610078,0.0055556171610078,False,13,24.904323828440283,0.635023670185337,0.1108891108891109,0.15,0.1108891108891109,0.15,0.1658341658341658,0.3,0.1658341658341658,0.3,0.2167832167832167,0.6000000000000001,0.2167832167832167,0.6000000000000001
12434574,16543,,0.0055556339257236,0.0055556339257236,False,8,24.90439845205856,0.9400280221566042,0.0009990009990009,0.15,0.0009990009990009,0.15,0.0089910089910089,0.3,0.0089910089910089,0.3,0.0389610389610389,0.6000000000000001,0.0389610389610389,0.6000000000000001
12470520,16546,0.0055556362526658,0.0055556362526658,0.0055556362526658,True,19,24.904408202074592,0.4664464051273095,0.7722277722277723,0.15,0.7722277722277723,0.15,0.7412587412587412,0.3,0.7412587412587412,0.3,0.7042957042957043,0.6000000000000001,0.7042957042957043,0.6000000000000001
12509612,16546,,0.0055556409097334,0.0055556409097334,False,14,24.90443064275769,0.5950601172136594,0.3066933066933067,0.15,0.3066933066933067,0.15,0.3396603396603396,0.3,0.3396603396603396,0.3,0.3276723276723277,0.6000000000000001,0.3276723276723277,0.6000000000000001
12773534,16544,0.005555483050557,0.005555483050557,0.005555483050557,True,10,24.903673971571152,0.6224832206907186,0.1348651348651348,0.15,0.1348651348651348,0.15,0.1708291708291708,0.3,0.1708291708291708,0.3,0.1888111888111888,0.6000000000000001,0.1888111888111888,0.6000000000000001
12784674,16545,,0.0055554811883666,0.0055554811883666,False,7,24.903668083749835,0.7101950417642223,0.2587412587412587,0.15,0.2587412587412587,0.15,0.3076923076923077,0.3,0.3076923076923077,0.3,0.4785214785214785,0.6000000000000001,0.4785214785214785,0.6000000000000001
12787544,16545,,0.0055554802565893,0.0055554802565893,False,11,24.902275643343728,0.7033571095353616,0.0649350649350649,0.15,0.0649350649350649,0.15,0.1058941058941058,0.3,0.1058941058941058,0.3,0.1418581418581418,0.6000000000000001,0.1418581418581418,0.6000000000000001
136842674,11212,,0.0027778083149314,0.0027778083149314,False,11,17.776535754008364,0.5417989180712898,0.7452547452547452,0.15,0.7452547452547452,0.15,0.7802197802197802,0.3,0.7802197802197802,0.3,0.7972027972027972,0.6000000000000001,0.7972027972027972,0.6000000000000001
136845966,11074,,0.0027777249613336,0.0027777249613336,False,11,17.774649772256907,0.716469127105738,0.1088911088911089,0.15,0.1088911088911089,0.15,0.1408591408591408,0.3,0.1408591408591408,0.3,0.1228771228771228,0.6000000000000001,0.1228771228771228,0.6000000000000001
138711927,16544,,0.0055556562765559,0.0055556562765559,False,16,24.90448228273181,0.5123410645017114,0.6443556443556444,0.15,0.6443556443556444,0.15,0.6313686313686314,0.3,0.6313686313686314,0.3,0.6713286713286714,0.6000000000000001,0.6713286713286714,0.6000000000000001
139122986,16491,,0.0055556427334977,0.0055556427334977,False,12,25.379447766333215,0.6202011543950147,0.2027972027972027,0.15,0.2027972027972027,0.15,0.2497502497502497,0.3,0.2497502497502497,0.3,0.2787212787212787,0.6000000000000001,0.2787212787212787,0.6000000000000001
139453344,16488,0.0055556008235271,0.0055556008235271,0.0055556008235271,True,13,25.37924990405827,0.4969102118942686,0.4495504495504495,0.15,0.4495504495504495,0.15,0.4535464535464535,0.3,0.4535464535464535,0.3,0.4645354645354645,0.6000000000000001,0.4645354645354645,0.6000000000000001
139700604,16487,,0.0055555011724663,0.0055555011724663,False,3,25.37880205384954,0.949006202837654,0.0629370629370629,0.15,0.0629370629370629,0.15,0.1778221778221778,0.3,0.1778221778221778,0.3,0.2777222777222777,0.6000000000000001,0.2777222777222777,0.6000000000000001
139700906,16482,0.0166665132949219,0.0166665132949219,0.0166665132949219,True,16,25.37881341971024,0.6334614654668196,0.0199800199800199,0.15,0.0199800199800199,0.15,0.0209790209790209,0.3,0.0209790209790209,0.3,0.0249750249750249,0.6000000000000001,0.0249750249750249,0.6000000000000001
139763851,16486,,0.0055555072262905,0.0055555072262905,False,9,25.378831288065157,0.7931528927763347,0.0289710289710289,0.15,0.0289710289710289,0.15,0.0909090909090909,0.3,0.0909090909090909,0.3,0.1668331668331668,0.6000000000000001,0.1668331668331668,0.6000000000000001
139825582,16489,,0.0277775943385449,0.0277775943385449,False,7,25.37888064723029,0.6477336638708243,0.3016983016983017,0.15,0.3016983016983017,0.15,0.4375624375624375,0.3,0.4375624375624375,0.3,0.6413586413586414,0.6000000000000001,0.6413586413586414,0.6000000000000001
139844443,16491,,0.0055555211959017,0.0055555211959017,False,16,25.37889233486294,0.538715818759225,0.4795204795204795,0.15,0.4795204795204795,0.15,0.4555444555444555,0.3,0.4555444555444555,0.3,0.4345654345654345,0.6000000000000001,0.4345654345654345,0.6000000000000001
139987152,16489,,0.0055555267842919,0.0055555267842919,False,13,25.378923202618353,0.5396209053623963,0.3666333666333666,0.15,0.3666333666333666,0.15,0.3556443556443556,0.3,0.3556443556443556,0.3,0.4115884115884116,0.6000000000000001,0.4115884115884116,0.6000000000000001
143923307,16490,,0.0055555575174821,0.0055555575174821,False,13,25.379062629989676,0.5883700973817558,0.2107892107892107,0.15,0.2107892107892107,0.15,0.2587412587412587,0.3,0.2587412587412587,0.3,0.2987012987012987,0.6000000000000001,0.2987012987012987,0.6000000000000001
143923380,16491,,0.0055555584488047,0.0055555584488047,False,15,25.379065327565513,0.5989503296710036,0.1678321678321678,0.15,0.1678321678321678,0.15,0.1728271728271728,0.3,0.1728271728271728,0.3,0.2047952047952048,0.6000000000000001,0.2047952047952048,0.6000000000000001
143952604,16488,,0.0055555626390741,0.0055555626390741,False,3,25.37909180227234,0.999980977896528,0.0189810189810189,0.15,0.0189810189810189,0.15,0.0569430569430569,0.3,0.0569430569430569,0.3,0.0799200799200799,0.6000000000000001,0.0799200799200799,0.6000000000000001
144000467,16484,,0.0944446440382762,0.0944446440382762,False,8,25.3777243539173,0.8711997062837932,0.0009990009990009,0.15,0.0119880119880119,0.2833339321148287,0.0109890109890109,0.3,0.0109890109890109,0.3,0.0359640359640359,0.6000000000000001,0.0359640359640359,0.6000000000000001
144068927,16491,,0.0055555998928866,0.0055555998928866,False,12,25.379251299645148,0.6263604808419855,0.2267732267732267,0.15,0.2267732267732267,0.15,0.4175824175824176,0.3,0.4175824175824176,0.3,0.5414585414585414,0.6000000000000001,0.5414585414585414,0.6000000000000001
144102161,11248,,0.0027778306721302,0.0027778306721302,False,14,17.778110502887557,0.486385521211446,0.6763236763236763,0.15,0.6763236763236763,0.15,0.6873126873126874,0.3,0.6873126873126874,0.3,0.6773226773226774,0.6000000000000001,0.6773226773226774,0.6000000000000001
144102233,11262,,0.0027778315985642,0.0027778315985642,False,11,17.778116115037392,0.5747854096038958,0.4925074925074925,0.15,0.4925074925074925,0.15,0.5184815184815185,0.3,0.5184815184815185,0.3,0.5474525474525475,0.6000000000000001,0.5474525474525475,0.6000000000000001
144103775,11453,,0.0027778299736382,0.0027778299736382,False,4,17.778107325913425,0.7353005420811479,0.3296703296703296,0.15,0.3296703296703296,0.15,0.7012987012987013,0.3,0.7012987012987013,0.3,0.7482517482517482,0.6000000000000001,0.7482517482517482,0.6000000000000001
144284767,16542,,0.0055555012108925,0.0055555012108925,False,9,24.903825075399254,0.6873374699234333,0.3466533466533466,0.15,0.3466533466533466,0.15,0.3706293706293706,0.3,0.3706293706293706,0.3,0.3986013986013986,0.6000000000000001,0.3986013986013986,0.6000000000000001
144308900,16298,,0.0055554993502937,0.0055554993502937,False,19,24.553830522104818,0.4800034726078082,0.5494505494505495,0.15,0.5494505494505495,0.15,0.5184815184815185,0.3,0.5184815184815185,0.3,0.5014985014985015,0.6000000000000001,0.5014985014985015,0.6000000000000001
144313331,16545,,0.0055555100593664,0.0055555100593664,False,8,24.903866216573988,0.581087902336073,0.4905094905094905,0.15,0.4905094905094905,0.15,0.7482517482517482,0.3,0.7482517482517482,0.3,0.8191808191808192,0.6000000000000001,0.8191808191808192,0.6000000000000001
144331448,16543,,0.0055555040066792,0.0055555040066792,False,11,24.903845679979895,0.7029165985671969,0.1708291708291708,0.15,0.1708291708291708,0.15,0.1998001998001998,0.3,0.1998001998001998,0.3,0.2097902097902098,0.6000000000000001,0.2097902097902098,0.6000000000000001
144331556,16545,,0.0055555021422151,0.0055555021422151,False,5,24.90383717421082,0.9502822317025444,0.0139860139860139,0.15,0.0139860139860139,0.15,0.0699300699300699,0.3,0.0699300699300699,0.3,0.1288711288711288,0.6000000000000001,0.1288711288711288,0.6000000000000001
144335923,16545,,0.0055555135521672,0.0055555135521672,False,12,24.90388401787368,0.5704331362689568,0.4355644355644356,0.15,0.4355644355644356,0.15,0.5434565434565435,0.3,0.5434565434565435,0.3,0.5364635364635365,0.6000000000000001,0.5364635364635365,0.6000000000000001
144378625,16545,,0.0055555114554408,0.0055555114554408,False,14,24.903877531211947,0.5559619785919002,0.5794205794205795,0.15,0.5794205794205795,0.15,0.5854145854145855,0.3,0.5854145854145855,0.3,0.5854145854145855,0.6000000000000001,0.5854145854145855,0.6000000000000001
144385668,16545,,0.0055555105250277,0.0055555105250277,False,10,24.903876268338536,0.5848497444885891,0.6243756243756243,0.15,0.6243756243756243,0.15,0.6613386613386614,0.3,0.6613386613386614,0.3,0.6573426573426573,0.6000000000000001,0.6573426573426573,0.6000000000000001
144386555,16543,0.005555510058457,0.005555510058457,0.005555510058457,True,15,24.90387430278224,0.5010172027408898,0.7782217782217782,0.15,0.7782217782217782,0.15,0.7532467532467533,0.3,0.7532467532467533,0.3,0.7372627372627373,0.6000000000000001,0.7372627372627373,0.6000000000000001
144387241,16542,,0.0055555268231728,0.0055555268231728,False,16,24.90394175102574,0.466031268994205,0.5654345654345654,0.15,0.5654345654345654,0.15,0.5694305694305695,0.3,0.5694305694305695,0.3,0.6143856143856143,0.6000000000000001,0.6143856143856143,0.6000000000000001
144387364,16545,,0.0166665804702006,0.0166665804702006,False,12,24.90394247466338,0.6209037953328022,0.0959040959040959,0.15,0.0959040959040959,0.15,0.1518481518481518,0.3,0.1518481518481518,0.3,0.4135864135864135,0.6000000000000001,0.4135864135864135,0.6000000000000001
144403828,16544,,0.0055555272901983,0.0055555272901983,False,14,24.903946306590115,0.5171498231700155,0.5104895104895105,0.15,0.5104895104895105,0.15,0.6333666333666333,0.3,0.6333666333666333,0.3,0.6303696303696303,0.6000000000000001,0.6303696303696303,0.6000000000000001
144406842,16545,,0.0055555126208446,0.0055555126208446,False,11,24.903888244215523,0.6796040491202032,0.0709290709290709,0.15,0.0709290709290709,0.15,0.1188811188811188,0.3,0.1188811188811188,0.3,0.1638361638361638,0.6000000000000001,0.1638361638361638,0.6000000000000001
144432683,16545,,0.0055555333415213,0.0055555333415213,False,15,24.90397156173003,0.5297022178250888,0.3156843156843157,0.15,0.3156843156843157,0.15,0.3716283716283716,0.3,0.3716283716283716,0.3,0.3736263736263736,0.6000000000000001,0.3736263736263736,0.6000000000000001
144434171,16545,,0.0055555137846567,0.0055555137846567,False,17,24.90389521795896,0.4639246427960952,0.5054945054945055,0.15,0.5054945054945055,0.15,0.5824175824175825,0.3,0.5824175824175825,0.3,0.6493506493506493,0.6000000000000001,0.6493506493506493,0.6000000000000001
144435085,16545,0.0055555356707372,0.0055555356707372,0.0055555356707372,True,10,24.903983019791667,0.6093397359390241,0.4725274725274725,0.15,0.4725274725274725,0.15,0.6073926073926074,0.3,0.6073926073926074,0.3,0.6683316683316683,0.6000000000000001,0.6683316683316683,0.6000000000000001
144440091,16545,,0.0055555296166858,0.0055555296166858,False,17,24.90395968597022,0.5012235603643881,0.5974025974025974,0.15,0.5974025974025974,0.15,0.5734265734265734,0.3,0.5734265734265734,0.3,0.5234765234765235,0.6000000000000001,0.5234765234765235,0.6000000000000001
144446304,16545,,0.0055555217008986,0.0055555217008986,False,10,24.903929879922543,0.6588009232672436,0.1948051948051948,0.15,0.1948051948051948,0.15,0.1738261738261738,0.3,0.1738261738261738,0.3,0.1858141858141858,0.6000000000000001,0.1858141858141858,0.6000000000000001
144458200,16491,,0.0055555961671416,0.0055555961671416,False,12,25.379230625680975,0.6318834867944105,0.2347652347652347,0.15,0.2347652347652347,0.15,0.2517482517482518,0.3,0.2517482517482518,0.3,0.2687312687312687,0.6000000000000001,0.2687312687312687,0.6000000000000001
144462697,16489,,0.0722229620428152,0.0722229620428152,False,39,25.379297325141124,0.8943025073695673,0.0009990009990009,0.15,0.0009990009990009,0.2166688861284456,0.0009990009990009,0.3,0.0009990009990009,0.3,0.0009990009990009,0.6000000000000001,0.0009990009990009,0.6000000000000001
149011533,16544,,0.0055556092461301,0.0055556092461301,False,14,24.904300475526725,0.5069840134227874,0.6763236763236763,0.15,0.6763236763236763,0.15,0.6573426573426573,0.3,0.6573426573426573,0.3,0.6343656343656343,0.6000000000000001,0.6343656343656343,0.6000000000000001
149838741,16546,,0.0055555314793309,0.0055555314793309,False,17,24.903936051331584,0.4096661607669253,0.908091908091908,0.15,0.908091908091908,0.15,0.904095904095904,0.3,0.904095904095904,0.3,0.8601398601398601,0.6000000000000001,0.8601398601398601,0.6000000000000001
149971277,41838,,0.0138890166779219,0.0138890166779219,False,44,78.41871780108204,0.340683930197005,0.7332667332667333,0.15,0.7332667332667333,0.15,0.7612387612387612,0.3,0.7612387612387612,0.3,0.7702297702297702,0.6000000000000001,0.7702297702297702,0.6000000000000001
149971537,42063,,0.0138890038424506,0.0138890038424506,False,35,78.4186489476474,0.3847193585311099,0.3786213786213786,0.15,0.3786213786213786,0.15,0.4765234765234765,0.3,0.4765234765234765,0.3,0.5104895104895105,0.6000000000000001,0.5104895104895105,0.6000000000000001
149973044,41960,,0.0138889477648262,0.0138889477648262,False,32,78.41832587797262,0.4386530175423255,0.3146853146853147,0.15,0.3146853146853147,0.15,0.4005994005994006,0.3,0.4005994005994006,0.3,0.4485514485514486,0.6000000000000001,0.4485514485514486,0.6000000000000001
149989242,44196,,0.1069452684573661,0.1069452684573661,False,19,78.4185984863202,0.6372318251337089,0.0099900099900099,0.15,0.0669330669330669,0.3208358053720985,0.0399600399600399,0.3,0.0669330669330669,0.3208358053720985,0.0749250749250749,0.6000000000000001,0.0749250749250749,0.6000000000000001
149993861,44062,,0.0152778727112945,0.0152778727112945,False,43,78.41848747226913,0.3175659108593026,0.965034965034965,0.15,0.965034965034965,0.15,0.968031968031968,0.3,0.968031968031968,0.3,0.961038961038961,0.6000000000000001,0.961038961038961,0.6000000000000001
150029502,44199,,0.01527792011575,0.01527792011575,False,40,78.41871595476414,0.3843133611789699,0.3936063936063936,0.15,0.3936063936063936,0.15,0.4065934065934066,0.3,0.4065934065934066,0.3,0.4625374625374625,0.6000000000000001,0.4625374625374625,0.6000000000000001
150030950,44196,,0.0152778794467849,0.0152778794467849,False,33,78.41851864367209,0.40266801745705,0.4215784215784215,0.15,0.4215784215784215,0.15,0.4755244755244755,0.3,0.4755244755244755,0.3,0.4855144855144855,0.6000000000000001,0.4855144855144855,0.6000000000000001
150031766,33038,0.0111111549911129,0.0111111549911129,0.0111111549911129,True,28,53.71823154333197,0.4013238585438738,0.5784215784215784,0.15,0.5784215784215784,0.15,0.5844155844155844,0.3,0.5844155844155844,0.3,0.6263736263736264,0.6000000000000001,0.6263736263736264,0.6000000000000001
150032786,33037,0.0111111304595397,0.0111111304595397,0.0111111304595397,True,16,53.71671771287856,0.5568642078620311,0.0729270729270729,0.15,0.0729270729270729,0.15,0.2907092907092907,0.3,0.2907092907092907,0.3,0.4235764235764235,0.6000000000000001,0.4235764235764235,0.6000000000000001
150062502,41895,,0.0138889842905882,0.0138889842905882,False,44,78.41853344005949,0.3797846474951634,0.4795204795204795,0.15,0.4795204795204795,0.15,0.5064935064935064,0.3,0.5064935064935064,0.3,0.5454545454545454,0.6000000000000001,0.5454545454545454,0.6000000000000001
150065244,33040,0.0111111605933729,0.0111111605933729,0.0111111605933729,True,28,53.718257845212975,0.4776801891476747,0.3076923076923077,0.15,0.3076923076923077,0.15,0.2977022977022977,0.3,0.2977022977022977,0.3,0.2477522477522477,0.6000000000000001,0.2477522477522477,0.6000000000000001
150066811,10862,,0.0111111383303068,0.0111111383303068,False,9,17.777808009004275,0.7116069360227678,0.1518481518481518,0.15,0.1518481518481518,0.15,0.1308691308691308,0.3,0.1308691308691308,0.3,0.2447552447552447,0.6000000000000001,0.2447552447552447,0.6000000000000001
150098542,32976,,0.0111111704618451,0.0111111704618451,False,19,53.71830425574535,0.5522572216267931,0.0149850149850149,0.15,0.0149850149850149,0.15,0.2457542457542457,0.3,0.2457542457542457,0.3,0.4175824175824176,0.6000000000000001,0.4175824175824176,0.6000000000000001
150102227,43894,0.0138889332581584,0.0138889332581584,0.0138889332581584,True,28,78.41825245090104,0.4020680466086498,0.7022977022977023,0.15,0.7022977022977023,0.15,0.7662337662337663,0.3,0.7662337662337663,0.3,0.7642357642357642,0.6000000000000001,0.7642357642357642,0.6000000000000001
150104808,43887,,0.2500009586397027,0.2500009586397027,False,24,78.4169142712758,0.6003886377887072,0.0009990009990009,0.15,0.0889110889110889,0.7500028759191082,0.0119880119880119,0.3,0.0889110889110889,0.7500028759191082,0.0629370629370629,0.6000000000000001,0.0889110889110889,0.7500028759191082
150106948,32743,,0.0111112026479531,0.0111112026479531,False,27,53.296239080332725,0.4466159179044073,0.1368631368631368,0.15,0.1368631368631368,0.15,0.1658341658341658,0.3,0.1658341658341658,0.3,0.2177822177822178,0.6000000000000001,0.2177822177822178,0.6000000000000001
150146973,43899,,0.0138889747877328,0.0138889747877328,False,44,78.4184722318073,0.3167899126181407,0.93006993006993,0.15,0.93006993006993,0.15,0.9470529470529472,0.3,0.9470529470529472,0.3,0.973026973026973,0.6000000000000001,0.973026973026973,0.6000000000000001
150187916,43837,,0.1527787329896455,0.1527787329896455,False,24,78.41847170535448,0.9133603167460904,0.0009990009990009,0.15,0.0009990009990009,0.4583361989689365,0.0009990009990009,0.3,0.0009990009990009,0.4583361989689365,0.0009990009990009,0.6000000000000001,0.0009990009990009,0.6000000000000001
150188659,16493,,0.0055555813237333,0.0055555813237333,False,5,25.38067398253179,0.9027045067955024,0.0099900099900099,0.15,0.0099900099900099,0.15,0.0389610389610389,0.3,0.0389610389610389,0.3,0.0799200799200799,0.6000000000000001,0.0799200799200799,0.6000000000000001
150191881,25522,0.0083333539996601,0.0083333539996601,0.0083333539996601,True,18,49.60565125880885,0.4492222806354086,0.7842157842157842,0.15,0.7842157842157842,0.15,0.8221778221778222,0.3,0.8221778221778222,0.3,0.8181818181818182,0.6000000000000001,0.8181818181818182,0.6000000000000001
150249622,41819,,0.0138889765175918,0.0138889765175918,False,18,78.41847981927594,0.626779635799747,0.0109890109890109,0.15,0.0109890109890109,0.15,0.0649350649350649,0.3,0.0649350649350649,0.3,0.1308691308691308,0.6000000000000001,0.1308691308691308,0.6000000000000001
150250528,41839,,0.0138889373138226,0.0138889373138226,False,24,78.41826966051622,0.5489731639637783,0.0109890109890109,0.15,0.0109890109890109,0.15,0.0409590409590409,0.3,0.0409590409590409,0.3,0.0919080919080919,0.6000000000000001,0.0919080919080919,0.6000000000000001
150270977,43898,,0.0138889100589949,0.0138889100589949,False,24,78.41673355123294,0.4563506553545093,0.2517482517482518,0.15,0.2517482517482518,0.15,0.4585414585414585,0.3,0.4585414585414585,0.3,0.6193806193806194,0.6000000000000001,0.6193806193806194,0.6000000000000001
150271706,8895,,0.0027777940449595,0.0027777940449595,False,3,17.777867283820797,0.9277197328986048,0.1888111888111888,0.15,0.1888111888111888,0.15,0.3606393606393606,0.3,0.3606393606393606,0.3,0.4525474525474525,0.6000000000000001,0.4525474525474525,0.6000000000000001
150274632,43900,,0.0138889821632801,0.0138889821632801,False,19,78.4185033355493,0.6017533765258684,0.0049950049950049,0.15,0.0049950049950049,0.15,0.0639360639360639,0.3,0.0639360639360639,0.3,0.1548451548451548,0.6000000000000001,0.1548451548451548,0.6000000000000001
150299078,41912,,0.0138889637687498,0.0138889637687498,False,33,78.41841169537247,0.5862853235217804,0.0009990009990009,0.15,0.0009990009990009,0.15,0.0039960039960039,0.3,0.0039960039960039,0.3,0.0009990009990009,0.6000000000000001,0.0009990009990009,0.6000000000000001
150299115,41818,,0.0138889652248508,0.0138889652248508,False,38,78.41842096390201,0.350938901495319,0.7542457542457542,0.15,0.7542457542457542,0.15,0.8201798201798202,0.3,0.8201798201798202,0.3,0.8471528471528471,0.6000000000000001,0.8471528471528471,0.6000000000000001
150301109,41771,,0.0138889836184716,0.0138889836184716,False,42,78.41852303856604,0.3929261781020616,0.2137862137862138,0.15,0.2137862137862138,0.15,0.2177822177822178,0.3,0.2177822177822178,0.3,0.2617382617382617,0.6000000000000001,0.2617382617382617,0.6000000000000001
150322652,41763,,0.0138890084308513,0.0138890084308513,False,43,78.41866015413643,0.3454746886767824,0.5814185814185814,0.15,0.5814185814185814,0.15,0.6323676323676324,0.3,0.6323676323676324,0.3,0.6623376623376623,0.6000000000000001,0.6623376623376623,0.6000000000000001
150357290,25373,,0.0583335672968132,0.0583335672968132,False,0,49.60572736972745,,,,,,,,,,,,,
150359212,43777,,0.0138890070461457,0.0138890070461457,False,36,78.41864062657578,0.4006796144169553,0.2787212787212787,0.15,0.2787212787212787,0.15,0.4245754245754246,0.3,0.4245754245754246,0.3,0.5334665334665335,0.6000000000000001,0.5334665334665335,0.6000000000000001
150360766,43896,,0.0138889621980524,0.0138889621980524,False,25,78.41839812140415,0.5525266828480487,0.0479520479520479,0.15,0.0479520479520479,0.15,0.1298701298701298,0.3,0.1298701298701298,0.3,0.1358641358641358,0.6000000000000001,0.1358641358641358,0.6000000000000001
150390619,43891,,0.013888921160742,0.013888921160742,False,26,78.41678699331624,0.550817860678238,0.0109890109890109,0.15,0.0109890109890109,0.15,0.0199800199800199,0.3,0.0199800199800199,0.3,0.0349650349650349,0.6000000000000001,0.0349650349650349,0.6000000000000001
150391118,25426,,0.0083333767438489,0.0083333767438489,False,19,49.6057869031406,0.5117690353642971,0.2697302697302697,0.15,0.2697302697302697,0.15,0.3276723276723277,0.3,0.3276723276723277,0.3,0.3196803196803197,0.6000000000000001,0.3196803196803197,0.6000000000000001
150391436,41867,,0.0138889547481539,0.0138889547481539,False,31,78.41697805815488,0.4696011669362794,0.0569430569430569,0.15,0.0569430569430569,0.15,0.0749250749250749,0.3,0.0749250749250749,0.3,0.0679320679320679,0.6000000000000001,0.0679320679320679,0.6000000000000001
150391740,16492,,0.0055555636286044,0.0055555636286044,False,17,25.379203801902804,0.6869010013220319,0.0389610389610389,0.15,0.0389610389610389,0.15,0.0589410589410589,0.3,0.0589410589410589,0.3,0.0779220779220779,0.6000000000000001,0.0779220779220779,0.6000000000000001
150429481,27409,0.0083333776713061,0.0083333776713061,0.0083333776713061,True,23,49.605793469736,0.4468019601110846,0.6043956043956044,0.15,0.6043956043956044,0.15,0.5944055944055944,0.3,0.5944055944055944,0.3,0.6143856143856143,0.6000000000000001,0.6143856143856143,0.6000000000000001
150430275,40861,0.0138889743345771,0.0138889743345771,0.0138889743345771,True,44,78.41847409785578,0.3674916067536757,0.5534465534465535,0.15,0.5534465534465535,0.15,0.5804195804195804,0.3,0.5804195804195804,0.3,0.5714285714285714,0.6000000000000001,0.5714285714285714,0.6000000000000001
150440079,43892,,0.0138889691538679,0.0138889691538679,False,26,78.41705296736905,0.4570545359761815,0.2527472527472527,0.15,0.2527472527472527,0.15,0.4895104895104895,0.3,0.4895104895104895,0.3,0.6073926073926074,0.6000000000000001,0.6073926073926074,0.6000000000000001
150441905,40574,,0.0138889778841075,0.0138889778841075,False,41,78.41849537482221,0.3249578691019581,0.8731268731268731,0.15,0.8731268731268731,0.15,0.9010989010989012,0.3,0.9010989010989012,0.3,0.8991008991008991,0.6000000000000001,0.8991008991008991,0.6000000000000001
150442748,24186,,0.0083333832344578,0.0083333832344578,False,18,49.60582293950347,0.5947289724228133,0.2037962037962038,0.15,0.2037962037962038,0.15,0.2547452547452547,0.3,0.2547452547452547,0.3,0.2767232767232767,0.6000000000000001,0.2767232767232767,0.6000000000000001
152069565,16545,,0.0055556576735398,0.0055556576735398,False,13,24.904485700219993,0.5341810328789988,0.4585414585414585,0.15,0.4585414585414585,0.15,0.5154845154845155,0.3,0.5154845154845155,0.3,0.5754245754245755,0.6000000000000001,0.5754245754245755,0.6000000000000001
152272780,16433,,0.0055556236416123,0.0055556236416123,False,5,25.31681517660172,0.7848323931199791,0.2407592407592407,0.15,0.2407592407592407,0.15,0.4925074925074925,0.3,0.4925074925074925,0.3,0.5914085914085914,0.6000000000000001,0.5914085914085914,0.6000000000000001
152289084,8883,,0.0027777538318787,0.0027777538318787,False,8,17.776271109851223,0.7629332833698481,0.2507492507492507,0.15,0.2507492507492507,0.15,0.2377622377622377,0.3,0.2377622377622377,0.3,0.2327672327672327,0.6000000000000001,0.2327672327672327,0.6000000000000001
152318730,11073,,0.0027777710624832,0.0027777710624832,False,8,17.774935543932315,0.9066968422167052,0.0169830169830169,0.15,0.0169830169830169,0.15,0.0179820179820179,0.3,0.0179820179820179,0.3,0.0159840159840159,0.6000000000000001,0.0159840159840159,0.6000000000000001
152475818,11193,,0.002777832767606,0.002777832767606,False,10,17.77812435095575,0.6550331011846087,0.4425574425574425,0.15,0.4425574425574425,0.15,0.4795204795204795,0.3,0.4795204795204795,0.3,0.4805194805194805,0.6000000000000001,0.4805194805194805,0.6000000000000001
152536709,11193,,0.002777832762149,0.002777832762149,False,6,17.778123664221766,0.6871851549653607,0.3656343656343656,0.15,0.3656343656343656,0.15,0.6393606393606394,0.3,0.6393606393606394,0.3,0.7372627372627373,0.6000000000000001,0.7372627372627373,0.6000000000000001
152537042,11193,,0.002777831952585,0.002777831952585,False,10,17.77811866034199,0.5276359350494804,0.6563436563436563,0.15,0.6563436563436563,0.15,0.6353646353646354,0.3,0.6353646353646354,0.3,0.6493506493506493,0.6000000000000001,0.6493506493506493,0.6000000000000001
154616668,16546,,0.0055554858441837,0.0055554858441837,False,12,24.90372548302275,0.4856484561019971,0.6793206793206793,0.15,0.6793206793206793,0.15,0.7182817182817183,0.3,0.7182817182817183,0.3,0.7412587412587412,0.6000000000000001,0.7412587412587412,0.6000000000000001
154844384,16545,,0.0055554807227053,0.0055554807227053,False,10,24.902318426905826,0.6938488377516934,0.1188811188811188,0.15,0.1188811188811188,0.15,0.3036963036963037,0.3,0.3036963036963037,0.3,0.4265734265734265,0.6000000000000001,0.4265734265734265,0.6000000000000001
154844651,16546,,0.0055554835175826,0.0055554835175826,False,12,24.903719113242005,0.6114132849996198,0.5604395604395604,0.15,0.5604395604395604,0.15,0.6363636363636364,0.3,0.6363636363636364,0.3,0.6733266733266733,0.6000000000000001,0.6733266733266733,0.6000000000000001
155315895,16546,,0.0055554881724901,0.0055554881724901,False,6,24.903737916644783,0.7675164552806624,0.1468531468531468,0.15,0.1468531468531468,0.15,0.3336663336663337,0.3,0.3336663336663337,0.3,0.4035964035964036,0.6000000000000001,0.4035964035964036,0.6000000000000001
155316003,16544,,0.0055554942264279,0.0055554942264279,False,15,24.90376249797282,0.5276692334108062,0.4295704295704295,0.15,0.4295704295704295,0.15,0.6363636363636364,0.3,0.6363636363636364,0.3,0.6333666333666333,0.6000000000000001,0.6333666333666333,0.6000000000000001
155895287,16542,,0.0055555207686666,0.0055555207686666,False,0,24.903942378737156,,,,,,,,,,,,,
155944894,16545,,0.0055555328763148,0.0055555328763148,False,10,24.90399851699931,0.8258601402224461,0.0019980019980019,0.15,0.0019980019980019,0.15,0.0039960039960039,0.3,0.0039960039960039,0.3,0.0099900099900099,0.6000000000000001,0.0099900099900099,0.6000000000000001
155951271,16544,0.0055555384642502,0.0055555384642502,0.0055555384642502,True,14,24.90402246712347,0.6013334539981854,0.2487512487512487,0.15,0.2487512487512487,0.15,0.2497502497502497,0.3,0.2497502497502497,0.3,0.2567432567432567,0.6000000000000001,0.2567432567432567,0.6000000000000001
155951632,16544,0.0055555477788402,0.0055555477788402,0.0055555477788402,True,23,24.90406228325901,0.3444675211374653,0.97002997002997,0.15,0.97002997002997,0.15,0.961038961038961,0.3,0.961038961038961,0.3,0.94005994005994,0.6000000000000001,0.94005994005994,0.6000000000000001
155967977,16544,,0.0055555445173922,0.0055555445173922,False,13,24.904047598164652,0.5752813569293292,0.3856143856143856,0.15,0.3856143856143856,0.15,0.3976023976023976,0.3,0.3976023976023976,0.3,0.4195804195804196,0.6000000000000001,0.4195804195804196,0.6000000000000001
155986202,16543,,0.0055555375329277,0.0055555375329277,False,15,24.90402224034642,0.5431164829538355,0.4395604395604395,0.15,0.4395604395604395,0.15,0.5094905094905094,0.3,0.5094905094905094,0.3,0.5234765234765235,0.6000000000000001,0.5234765234765235,0.6000000000000001
156003626,16545,0.0055555477779307,0.0055555477779307,0.0055555477779307,True,11,24.904068461420135,0.5795027032491058,0.3536463536463536,0.15,0.3536463536463536,0.15,0.3906093906093906,0.3,0.3906093906093906,0.3,0.4315684315684315,0.6000000000000001,0.4315684315684315,0.6000000000000001
156083493,16545,,0.005555571060313,0.005555571060313,False,17,24.90417207711016,0.4932841522435478,0.5124875124875125,0.15,0.5124875124875125,0.15,0.4905094905094905,0.3,0.4905094905094905,0.3,0.4905094905094905,0.6000000000000001,0.4905094905094905,0.6000000000000001
156087003,16545,,0.0055555724579789,0.0055555724579789,False,17,24.904179418726017,0.5273427998771691,0.4735264735264735,0.15,0.4735264735264735,0.15,0.4615384615384615,0.3,0.4615384615384615,0.3,0.4435564435564436,0.6000000000000001,0.4435564435564436,0.6000000000000001
158536201,16545,,0.0055556073820071,0.0055556073820071,False,16,24.904350340632845,0.4946223222766002,0.5124875124875125,0.15,0.5124875124875125,0.15,0.6313686313686314,0.3,0.6313686313686314,0.3,0.6493506493506493,0.6000000000000001,0.6493506493506493,0.6000000000000001
158536220,16544,,0.0055556064521624,0.0055556064521624,False,10,24.904346879605328,0.6811347299747763,0.0849150849150849,0.15,0.0849150849150849,0.15,0.1028971028971029,0.3,0.1028971028971029,0.3,0.1208791208791208,0.6000000000000001,0.1208791208791208,0.6000000000000001
158624328,27416,,0.0083333644911363,0.0083333644911363,False,27,49.60410112363888,0.4929323616489298,0.1128871128871128,0.15,0.1128871128871128,0.15,0.0929070929070929,0.3,0.0929070929070929,0.3,0.1088911088911089,0.6000000000000001,0.1088911088911089,0.6000000000000001
159628098,16398,,0.0055555249205099,0.0055555249205099,False,17,25.253869794265484,0.5005195548102281,0.6983016983016983,0.15,0.6983016983016983,0.15,0.7572427572427572,0.3,0.7572427572427572,0.3,0.7642357642357642,0.6000000000000001,0.7642357642357642,0.6000000000000001
159641248,16415,,0.0055555211956743,0.0055555211956743,False,7,25.276077807252477,0.8775834596019472,0.0109890109890109,0.15,0.0109890109890109,0.15,0.0629370629370629,0.3,0.0629370629370629,0.3,0.1368631368631368,0.6000000000000001,0.1368631368631368,0.6000000000000001
159672838,16291,0.0055555230587742,0.0055555230587742,0.0055555230587742,True,5,25.09414687414619,0.8705898695850856,0.1988011988011988,0.15,0.1988011988011988,0.15,0.4425574425574425,0.3,0.4425574425574425,0.3,0.5724275724275725,0.6000000000000001,0.5724275724275725,0.6000000000000001
160069047,16545,0.0055554779287376,0.0055554779287376,0.0055554779287376,True,13,24.90230737490083,0.5532077462616285,0.5614385614385614,0.15,0.5614385614385614,0.15,0.5864135864135864,0.3,0.5864135864135864,0.3,0.6053946053946054,0.6000000000000001,0.6053946053946054,0.6000000000000001
160080353,16544,,0.0055555016770085,0.0055555016770085,False,10,24.903817135408644,0.6664763022178615,0.1288711288711288,0.15,0.1288711288711288,0.15,0.2337662337662337,0.3,0.2337662337662337,0.3,0.2857142857142857,0.6000000000000001,0.2857142857142857,0.6000000000000001
160081043,16545,,0.0499995360437424,0.0499995360437424,False,62,24.903826957136516,0.1394597827508086,1.0,0.15,1.0,0.15,1.0,0.3,1.0,0.3,0.991008991008991,0.6000000000000001,0.991008991008991,0.6000000000000001
160113035,16543,,0.0055555598851242,0.0055555598851242,False,9,24.904083196107425,0.7708243795668198,0.0609390609390609,0.15,0.0609390609390609,0.15,0.1088911088911089,0.3,0.1088911088911089,0.3,0.1678321678321678,0.6000000000000001,0.1678321678321678,0.6000000000000001
160148428,16545,,0.0055555212347826,0.0055555212347826,False,16,24.903934160281096,0.5832295915547074,0.3506493506493506,0.15,0.3506493506493506,0.15,0.3616383616383616,0.3,0.3616383616383616,0.3,0.4075924075924076,0.6000000000000001,0.4075924075924076,0.6000000000000001
160192747,8994,,0.0027777433549545,0.0027777433549545,False,11,17.77481420913182,0.5923857734013034,0.7052947052947053,0.15,0.7052947052947053,0.15,0.6753246753246753,0.3,0.6753246753246753,0.3,0.6513486513486514,0.6000000000000001,0.6513486513486514,0.6000000000000001
160197441,8971,,0.002777747314667,0.002777747314667,False,7,17.776229953309667,0.6759437271611929,0.4445554445554445,0.15,0.4445554445554445,0.15,0.4305694305694306,0.3,0.4305694305694306,0.3,0.4705294705294705,0.6000000000000001,0.4705294705294705,0.6000000000000001
160225415,11072,,0.0027777466152656,0.0027777466152656,False,6,17.774789737001356,0.8122262215559046,0.1848151848151848,0.15,0.1848151848151848,0.15,0.2427572427572427,0.3,0.2427572427572427,0.3,0.2927072927072927,0.6000000000000001,0.2927072927072927,0.6000000000000001
161112458,16491,0.0055556026861722,0.0055556026861722,0.0055556026861722,True,14,25.37926383804097,0.5622164560563968,0.2707292707292707,0.15,0.2707292707292707,0.15,0.3056943056943056,0.3,0.3056943056943056,0.3,0.3576423576423576,0.6000000000000001,0.3576423576423576,0.6000000000000001
161153394,16485,,0.0055555989611093,0.0055555989611093,False,16,25.37925066401749,0.4334585919440841,0.929070929070929,0.15,0.929070929070929,0.15,0.9630369630369632,0.3,0.9630369630369632,0.3,0.957042957042957,0.6000000000000001,0.957042957042957,0.6000000000000001
161154963,16489,,0.016666766149342,0.016666766149342,False,5,25.37920975753605,0.9261073646973884,0.0019980019980019,0.15,0.0019980019980019,0.15,0.0299700299700299,0.3,0.0299700299700299,0.3,0.0879120879120879,0.6000000000000001,0.0879120879120879,0.6000000000000001
161168147,16491,,0.0055556082747898,0.0055556082747898,False,13,25.37929135489776,0.5556150566332948,0.4535464535464535,0.15,0.4535464535464535,0.15,0.4695304695304695,0.3,0.4695304695304695,0.3,0.5054945054945055,0.6000000000000001,0.5054945054945055,0.6000000000000001
161168483,16487,,0.0055556017548497,0.0055556017548497,False,12,25.379263864583663,0.5901441350828159,0.3346653346653346,0.15,0.3346653346653346,0.15,0.4995004995004995,0.3,0.4995004995004995,0.3,0.5824175824175825,0.6000000000000001,0.5824175824175825,0.6000000000000001
161169062,16491,,0.0055555887162199,0.0055555887162199,False,17,25.37921009188085,0.4573475751935192,0.8091908091908092,0.15,0.8091908091908092,0.15,0.8531468531468531,0.3,0.8531468531468531,0.3,0.8721278721278721,0.6000000000000001,0.8721278721278721,0.6000000000000001
161170644,16488,,0.0055556087402237,0.0055556087402237,False,5,25.379293506718568,0.8709756333658837,0.0029970029970029,0.15,0.0029970029970029,0.15,0.0779220779220779,0.3,0.0779220779220779,0.3,0.2157842157842157,0.6000000000000001,0.2157842157842157,0.6000000000000001
161173424,16491,,0.0055556061790866,0.0055556061790866,False,14,25.37928402632042,0.603416823045536,0.1178821178821178,0.15,0.1178821178821178,0.15,0.1008991008991009,0.3,0.1008991008991009,0.3,0.1218781218781218,0.6000000000000001,0.1218781218781218,0.6000000000000001
161174069,16491,,0.0055556124648319,0.0055556124648319,False,14,25.379309548749916,0.562507239241851,0.2497502497502497,0.15,0.2497502497502497,0.15,0.2487512487512487,0.3,0.2487512487512487,0.3,0.2547452547452547,0.6000000000000001,0.2547452547452547,0.6000000000000001
161209504,16491,0.0055555947699303,0.0055555947699303,0.0055555947699303,True,16,25.37923890746697,0.5146319426577163,0.3646353646353646,0.15,0.3646353646353646,0.15,0.4525474525474525,0.3,0.4525474525474525,0.3,0.4765234765234765,0.6000000000000001,0.4765234765234765,0.6000000000000001
161221229,16484,,0.3611145983160213,0.3611145983160213,False,2,25.37929849208831,1.0,0.0099900099900099,0.15,0.0959040959040959,1.083343794948064,0.0439560439560439,0.3,0.0959040959040959,1.083343794948064,0.0809190809190809,0.6000000000000001,0.0959040959040959,1.083343794948064
161223640,16491,,0.0055555975641254,0.0055555975641254,False,15,25.3792519990684,0.4831600068063055,0.7822177822177823,0.15,0.7822177822177823,0.15,0.7862137862137862,0.3,0.7862137862137862,0.3,0.8191808191808192,0.6000000000000001,0.8191808191808192,0.6000000000000001
161264425,16487,,0.2111130436269377,0.2111130436269377,False,3,25.379288564189665,0.9962213447031998,0.0279720279720279,0.15,0.1668331668331668,0.6333391308808132,0.1168831168831168,0.3,0.1668331668331668,0.6333391308808132,0.1688311688311688,0.6000000000000001,0.1668331668331668,0.6333391308808132
161271850,16490,,0.0055556185191107,0.0055556185191107,False,11,25.379343128051005,0.7103487993908715,0.0779220779220779,0.15,0.0779220779220779,0.15,0.0899100899100899,0.3,0.0899100899100899,0.3,0.1198801198801198,0.6000000000000001,0.1198801198801198,0.6000000000000001
161272468,16489,,0.0055556040829287,0.0055556040829287,False,13,25.37928269173517,0.6436252318020219,0.0369630369630369,0.15,0.0369630369630369,0.15,0.1268731268731268,0.3,0.1268731268731268,0.3,0.1848151848151848,0.6000000000000001,0.1848151848151848,0.6000000000000001
161291273,16489,,0.0055556110687575,0.0055556110687575,False,15,25.379313506405197,0.5408366925533815,0.4115884115884116,0.15,0.4115884115884116,0.15,0.4195804195804196,0.3,0.4195804195804196,0.3,0.4475524475524475,0.6000000000000001,0.4475524475524475,0.6000000000000001
161306328,16487,,0.0055556092052029,0.0055556092052029,False,18,25.379304636023335,0.4266852069981226,0.8651348651348651,0.15,0.8651348651348651,0.15,0.8951048951048951,0.3,0.8951048951048951,0.3,0.918081918081918,0.6000000000000001,0.918081918081918,0.6000000000000001
161313695,16486,,0.0055556110687575,0.0055556110687575,False,17,25.37931538348585,0.7129044197668438,0.0379620379620379,0.15,0.0379620379620379,0.15,0.0359640359640359,0.3,0.0359640359640359,0.3,0.0359640359640359,0.6000000000000001,0.0359640359640359,0.6000000000000001
161358441,16490,,0.0055556208474172,0.0055556208474172,False,14,25.37935809440478,0.5249095973083463,0.4345654345654345,0.15,0.4345654345654345,0.15,0.4185814185814185,0.3,0.4185814185814185,0.3,0.3996003996003996,0.6000000000000001,0.3996003996003996,0.6000000000000001
161376469,15948,,0.0041667241332561,0.0041667241332561,False,13,24.615510603410712,0.525406866242719,0.5204795204795205,0.15,0.5204795204795205,0.15,0.5474525474525475,0.3,0.5474525474525475,0.3,0.5194805194805194,0.6000000000000001,0.5194805194805194,0.6000000000000001
161376559,16161,,0.0055556310917381,0.0055556310917381,False,16,24.91967455288659,0.5941811168741846,0.0939060939060939,0.15,0.0939060939060939,0.15,0.1408591408591408,0.3,0.1408591408591408,0.3,0.1798201798201798,0.6000000000000001,0.1798201798201798,0.6000000000000001
161440068,14649,,0.0041667278592285,0.0041667278592285,False,14,23.96690393375866,0.6314477089582261,0.1478521478521478,0.15,0.1478521478521478,0.15,0.1598401598401598,0.3,0.1598401598401598,0.3,0.1858141858141858,0.6000000000000001,0.1858141858141858,0.6000000000000001
161458420,16374,,0.0055556273666752,0.0055556273666752,False,11,25.379393272321067,0.5683551157463075,0.3806193806193806,0.15,0.3806193806193806,0.15,0.6153846153846154,0.3,0.6153846153846154,0.3,0.7322677322677322,0.6000000000000001,0.7322677322677322,0.6000000000000001
161459089,14676,0.0041667320497253,0.0041667320497253,0.0041667320497253,True,13,24.009983315290356,0.5327990388106854,0.4485514485514486,0.15,0.4485514485514486,0.15,0.6023976023976024,0.3,0.6023976023976024,0.3,0.6863136863136863,0.6000000000000001,0.6863136863136863,0.6000000000000001
164681149,10986,,0.0027777887571573,0.0027777887571573,False,8,17.776430874047946,0.5804237343429,0.5004995004995005,0.15,0.5004995004995005,0.15,0.5224775224775224,0.3,0.5224775224775224,0.3,0.5884115884115884,0.6000000000000001,0.5884115884115884,0.6000000000000001
164695091,10933,,0.0027777948107541,0.0027777948107541,False,12,17.776469762819033,0.4735833103292897,0.8901098901098901,0.15,0.8901098901098901,0.15,0.8821178821178821,0.3,0.8821178821178821,0.3,0.8801198801198801,0.6000000000000001,0.8801198801198801,0.6000000000000001
164698728,11138,,0.002777792016559,0.002777792016559,False,5,17.776442987295013,0.8860322150224684,0.2317682317682317,0.15,0.2317682317682317,0.15,0.3016983016983017,0.3,0.3016983016983017,0.3,0.3626373626373626,0.6000000000000001,0.3626373626373626,0.6000000000000001
164699594,11138,,0.1722235092206574,0.1722235092206574,False,0,17.776481960816454,,,,,,,,,,,,,
164720895,11138,,0.0027777948105267,0.0027777948105267,False,10,17.776460102209967,0.5689134219629283,0.5514485514485514,0.15,0.5514485514485514,0.15,0.6203796203796204,0.3,0.6203796203796204,0.3,0.6913086913086913,0.6000000000000001,0.6913086913086913,0.6000000000000001
164720937,11137,,0.0027777938794315,0.0027777938794315,False,6,17.776454129172635,0.9084606194156736,0.0719280719280719,0.15,0.0719280719280719,0.15,0.1498501498501498,0.3,0.1498501498501498,0.3,0.1478521478521478,0.6000000000000001,0.1478521478521478,0.6000000000000001
164753256,11136,,0.5027817036757369,0.5027817036757369,False,3,17.775100087676492,0.9459765073345848,0.0229770229770229,0.15,0.3516483516483517,1.5083451110272108,0.1478521478521478,0.3,0.3516483516483517,1.5083451110272108,0.2697302697302697,0.6000000000000001,0.3516483516483517,1.5083451110272108
164768954,10968,,0.0027778008643508,0.0027778008643508,False,12,17.776504766578,0.6210711735378897,0.3486513486513486,0.15,0.3486513486513486,0.15,0.3286713286713286,0.3,0.3286713286713286,0.3,0.3086913086913087,0.6000000000000001,0.3086913086913087,0.6000000000000001
164772943,11009,,0.0027778027268823,0.0027778027268823,False,13,17.77512506761059,0.5378943605432842,0.4105894105894105,0.15,0.4105894105894105,0.15,0.4485514485514486,0.3,0.4485514485514486,0.3,0.4705294705294705,0.6000000000000001,0.4705294705294705,0.6000000000000001
164775178,11137,,0.0027778087803653,0.0027778087803653,False,4,17.775155412428376,0.934950639359262,0.0419580419580419,0.15,0.0419580419580419,0.15,0.0989010989010989,0.3,0.0989010989010989,0.3,0.1918081918081918,0.6000000000000001,0.1918081918081918,0.6000000000000001
165889185,11056,,0.0027777610503108,0.0027777610503108,False,8,17.776265388736647,0.7455359866340611,0.1738261738261738,0.15,0.1738261738261738,0.15,0.2567432567432567,0.3,0.2567432567432567,0.3,0.3136863136863136,0.6000000000000001,0.3136863136863136,0.6000000000000001
165940959,8967,,0.0027777601187608,0.0027777601187608,False,4,17.776305971816328,0.8402469087683607,0.2547452547452547,0.15,0.2547452547452547,0.15,0.2467532467532467,0.3,0.2467532467532467,0.3,0.2657342657342657,0.6000000000000001,0.2657342657342657,0.6000000000000001
167526213,27403,,0.0083333984257478,0.0083333984257478,False,9,49.60453648290968,0.7015933380920907,0.1138861138861138,0.15,0.1138861138861138,0.15,0.3756243756243756,0.3,0.3756243756243756,0.3,0.5274725274725275,0.6000000000000001,0.5274725274725275,0.6000000000000001
167526477,43897,0.0138889741601815,0.0138889741601815,0.0138889741601815,True,19,78.41710323256552,0.5360488726208845,0.0479520479520479,0.15,0.0479520479520479,0.15,0.1978021978021978,0.3,0.1978021978021978,0.3,0.3096903096903097,0.6000000000000001,0.3096903096903097,0.6000000000000001
167549317,43901,,0.013888931014435,0.013888931014435,False,24,78.41686400625713,0.5499395742515261,0.0179820179820179,0.15,0.0179820179820179,0.15,0.0509490509490509,0.3,0.0509490509490509,0.3,0.1098901098901098,0.6000000000000001,0.1098901098901098,0.6000000000000001
167655998,23566,,0.0069445026961147,0.0069445026961147,False,23,49.60596188821864,0.4383298558457462,0.8081918081918081,0.15,0.8081918081918081,0.15,0.8361638361638362,0.3,0.8361638361638362,0.3,0.8281718281718282,0.6000000000000001,0.8281718281718282,0.6000000000000001
167698166,40437,,0.0138889523896068,0.0138889523896068,False,36,78.41701026330793,0.3180223855824855,0.8831168831168831,0.15,0.8831168831168831,0.15,0.96003996003996,0.3,0.96003996003996,0.3,0.983016983016983,0.6000000000000001,0.983016983016983,0.6000000000000001
167723227,40280,,0.0138889604231735,0.0138889604231735,False,37,78.4170574664322,0.3548699102644933,0.7642357642357642,0.15,0.7642357642357642,0.15,0.8151848151848152,0.3,0.8151848151848152,0.3,0.8291708291708292,0.6000000000000001,0.8291708291708292,0.6000000000000001
167797589,41682,,0.0138889433678741,0.0138889433678741,False,31,78.4169710991564,0.3860847993143567,0.4265734265734265,0.15,0.4265734265734265,0.15,0.4795204795204795,0.3,0.4795204795204795,0.3,0.5714285714285714,0.6000000000000001,0.5714285714285714,0.6000000000000001
167813804,41822,0.0138889528554955,0.0138889528554955,0.0138889528554955,True,36,78.41703005533873,0.4052193650796963,0.3746253746253746,0.15,0.3746253746253746,0.15,0.4285714285714285,0.3,0.4285714285714285,0.3,0.4445554445554445,0.6000000000000001,0.4445554445554445,0.6000000000000001
169266000,16545,,0.0055555482426825,0.0055555482426825,False,11,24.90401934975398,0.6845023444214375,0.2377622377622377,0.15,0.2377622377622377,0.15,0.3086913086913087,0.3,0.3086913086913087,0.3,0.3126873126873127,0.6000000000000001,0.3126873126873127,0.6000000000000001
169304346,16545,,0.005555551503221,0.005555551503221,False,11,24.90403719016922,0.5581280428965697,0.5684315684315684,0.15,0.5684315684315684,0.15,0.6233766233766234,0.3,0.6233766233766234,0.3,0.6503496503496503,0.6000000000000001,0.6503496503496503,0.6000000000000001
175391698,16544,0.0055554932955601,0.0055554932955601,0.0055554932955601,True,19,24.903770851470657,0.50333294588014,0.6073926073926074,0.15,0.6073926073926074,0.15,0.6773226773226774,0.3,0.6773226773226774,0.3,0.7382617382617382,0.6000000000000001,0.7382617382617382,0.6000000000000001
175392087,16545,,0.0055554863106408,0.0055554863106408,False,7,24.90374463334319,0.7882313163037727,0.0869130869130869,0.15,0.0869130869130869,0.15,0.2157842157842157,0.3,0.2157842157842157,0.3,0.2937062937062937,0.6000000000000001,0.2937062937062937,0.6000000000000001
175397329,16544,,0.0055554918976667,0.0055554918976667,False,14,24.9037660430522,0.5145142428594691,0.5554445554445554,0.15,0.5554445554445554,0.15,0.5624375624375625,0.3,0.5624375624375625,0.3,0.6433566433566433,0.6000000000000001,0.6433566433566433,0.6000000000000001
175405764,16543,,0.0055554909667989,0.0055554909667989,False,5,24.903766652602823,0.8083735250429706,0.0169830169830169,0.15,0.0169830169830169,0.15,0.1288711288711288,0.3,0.1288711288711288,0.3,0.2597402597402597,0.6000000000000001,0.2597402597402597,0.6000000000000001
175405928,16545,,0.0055554877076247,0.0055554877076247,False,11,24.90375421199587,0.6431189841544893,0.2727272727272727,0.15,0.2727272727272727,0.15,0.2747252747252747,0.3,0.2747252747252747,0.3,0.2707292707292707,0.6000000000000001,0.2707292707292707,0.6000000000000001
175409859,16545,,0.0055554909687316,0.0055554909687316,False,15,24.9037680109368,0.5897984034246251,0.1818181818181818,0.15,0.1818181818181818,0.15,0.1648351648351648,0.3,0.1648351648351648,0.3,0.1498501498501498,0.6000000000000001,0.1498501498501498,0.6000000000000001
175411371,16545,,0.0055554937612214,0.0055554937612214,False,16,24.90377916724992,0.5622295481677216,0.3656343656343656,0.15,0.3656343656343656,0.15,0.3556443556443556,0.3,0.3556443556443556,0.3,0.3576423576423576,0.6000000000000001,0.3576423576423576,0.6000000000000001
175457541,16545,,0.0055554951594558,0.0055554951594558,False,17,24.90378735636932,0.4446464346371949,0.7492507492507493,0.15,0.7492507492507493,0.15,0.7382617382617382,0.3,0.7382617382617382,0.3,0.6923076923076923,0.6000000000000001,0.6923076923076923,0.6000000000000001
175475124,16544,,0.0055555026078764,0.0055555026078764,False,15,24.90381562247512,0.6114604702186639,0.1618381618381618,0.15,0.1618381618381618,0.15,0.1548451548451548,0.3,0.1548451548451548,0.3,0.1348651348651348,0.6000000000000001,0.1348651348651348,0.6000000000000001
179282641,16543,,0.0055556423067173,0.0055556423067173,False,18,24.904469946432982,0.4729200529412946,0.4795204795204795,0.15,0.4795204795204795,0.15,0.5104895104895105,0.3,0.5104895104895105,0.3,0.4785214785214785,0.6000000000000001,0.4785214785214785,0.6000000000000001
179284271,16542,,0.0055556381166752,0.0055556381166752,False,15,24.904453992411614,0.5371906468029821,0.5394605394605395,0.15,0.5394605394605395,0.15,0.5924075924075924,0.3,0.5924075924075924,0.3,0.5944055944055944,0.6000000000000001,0.5944055944055944,0.6000000000000001
179491590,16544,,0.0055556362535753,0.0055556362535753,False,20,24.904446247533087,0.4912458040974754,0.5294705294705294,0.15,0.5294705294705294,0.15,0.4475524475524475,0.3,0.4475524475524475,0.3,0.3886113886113886,0.6000000000000001,0.3886113886113886,0.6000000000000001
179492666,16544,,0.0055556409097334,0.0055556409097334,False,10,24.90446604931367,0.6472233236665391,0.1448551448551448,0.15,0.1448551448551448,0.15,0.2647352647352647,0.3,0.2647352647352647,0.3,0.2957042957042957,0.6000000000000001,0.2957042957042957,0.6000000000000001
179677415,16543,,0.1777803601144114,0.1777803601144114,False,0,24.904447714366142,,,,,,,,,,,,,
179677491,16545,,0.0055556460333718,0.0055556460333718,False,15,24.9044887987302,0.4681574107480066,0.7482517482517482,0.15,0.7482517482517482,0.15,0.8101898101898102,0.3,0.8101898101898102,0.3,0.7772227772227772,0.6000000000000001,0.7772227772227772,0.6000000000000001
179678378,16545,0.0055556250777044,0.0055556250777044,0.0055556250777044,True,9,24.9044026784004,0.6687284635081986,0.1528471528471528,0.15,0.1528471528471528,0.15,0.2567432567432567,0.3,0.2567432567432567,0.3,0.3006993006993007,0.6000000000000001,0.3006993006993007,0.6000000000000001
179823111,16542,,0.0055556395127496,0.0055556395127496,False,18,24.904461704228197,0.5670401618764326,0.1908091908091908,0.15,0.1908091908091908,0.15,0.1698301698301698,0.3,0.1698301698301698,0.3,0.1808191808191808,0.6000000000000001,0.1808191808191808,0.6000000000000001
179985715,16544,0.0055556409101882,0.0055556409101882,0.0055556409101882,True,19,24.90446968007473,0.4551254142943461,0.3956043956043956,0.15,0.3956043956043956,0.15,0.4635364635364635,0.3,0.4635364635364635,0.3,0.4025974025974026,0.6000000000000001,0.4025974025974026,0.6000000000000001
179986582,16543,,0.0055556395132043,0.0055556395132043,False,4,24.90446351006267,0.9904740965471842,0.0049950049950049,0.15,0.0049950049950049,0.15,0.0339660339660339,0.3,0.0339660339660339,0.3,0.0939060939060939,0.6000000000000001,0.0939060939060939,0.6000000000000001
180413022,16490,,0.0055555312076194,0.0055555312076194,False,2,25.379028792479403,1.0,0.1338661338661338,0.15,0.1338661338661338,0.15,0.1188811188811188,0.3,0.1188811188811188,0.3,0.1068931068931069,0.6000000000000001,0.1068931068931069,0.6000000000000001
180444255,16543,,0.0055556311317559,0.0055556311317559,False,23,24.904433722641443,0.4577025830307932,0.6783216783216783,0.15,0.6783216783216783,0.15,0.6383616383616384,0.3,0.6383616383616384,0.3,0.6073926073926074,0.6000000000000001,0.6073926073926074,0.6000000000000001
180444967,16543,,0.0055556283377882,0.0055556283377882,False,18,24.904422181226437,0.4685851556495727,0.7312687312687313,0.15,0.7312687312687313,0.15,0.7032967032967034,0.3,0.7032967032967034,0.3,0.6913086913086913,0.6000000000000001,0.6913086913086913,0.6000000000000001
180551167,27769,,0.0083333710116448,0.0083333710116448,False,25,49.60410681341659,0.4839763447597631,0.2387612387612387,0.15,0.2387612387612387,0.15,0.2737262737262737,0.3,0.2737262737262737,0.3,0.2467532467532467,0.6000000000000001,0.2467532467532467,0.6000000000000001
180723706,27770,,0.008333378228599,0.008333378228599,False,21,49.60414697903093,0.478189446338914,0.3036963036963037,0.15,0.3036963036963037,0.15,0.2727272727272727,0.3,0.2727272727272727,0.3,0.3256743256743257,0.6000000000000001,0.3256743256743257,0.6000000000000001
180724528,27611,,0.22500066526527,0.22500066526527,False,3,49.6040296774604,0.9989619960481946,0.0219780219780219,0.15,0.1288711288711288,0.6750019957958102,0.0699300699300699,0.3,0.1288711288711288,0.6750019957958102,0.1278721278721278,0.6000000000000001,0.1288711288711288,0.6750019957958102
180724548,11072,,0.0027777170450917,0.0027777170450917,False,4,17.774607220128473,0.9500089785293996,0.0289710289710289,0.15,0.0289710289710289,0.15,0.1288711288711288,0.3,0.1288711288711288,0.3,0.1958041958041958,0.6000000000000001,0.1958041958041958,0.6000000000000001
180999563,27696,0.0083333877751101,0.0083333877751101,0.0083333877751101,True,25,49.604202192489765,0.448929496636461,0.5064935064935064,0.15,0.5064935064935064,0.15,0.5114885114885115,0.3,0.5114885114885115,0.3,0.5404595404595405,0.6000000000000001,0.5404595404595405,0.6000000000000001
181230103,16484,,0.0055555342340767,0.0055555342340767,False,6,25.3790430037634,0.8306350814932152,0.0479520479520479,0.15,0.0479520479520479,0.15,0.1278721278721278,0.3,0.1278721278721278,0.3,0.2027972027972027,0.6000000000000001,0.2027972027972027,0.6000000000000001
181454895,16490,,0.0055555489024072,0.0055555489024072,False,20,25.379106902038075,0.4705806917040869,0.6833166833166833,0.15,0.6833166833166833,0.15,0.7132867132867133,0.3,0.7132867132867133,0.3,0.7542457542457542,0.6000000000000001,0.7542457542457542,0.6000000000000001
182521219,16489,,0.0055555204975235,0.0055555204975235,False,17,25.37898621543809,0.5971799497132099,0.1148851148851148,0.15,0.1148851148851148,0.15,0.1608391608391608,0.3,0.1608391608391608,0.3,0.1828171828171828,0.6000000000000001,0.1828171828171828,0.6000000000000001
183495016,16481,,0.0055555356315153,0.0055555356315153,False,11,25.37905361758112,0.6778422578347995,0.1778221778221778,0.15,0.1778221778221778,0.15,0.1688311688311688,0.3,0.1688311688311688,0.3,0.1918081918081918,0.6000000000000001,0.1918081918081918,0.6000000000000001
183529176,16546,,0.0055555910844304,0.0055555910844304,False,20,24.904208493918304,0.40855789906751,0.9250749250749252,0.15,0.9250749250749252,0.15,0.929070929070929,0.3,0.929070929070929,0.3,0.939060939060939,0.6000000000000001,0.939060939060939,0.6000000000000001
183529462,16545,,0.0055555836338498,0.0055555836338498,False,5,24.90417847599474,0.949102525363522,0.0019980019980019,0.15,0.0019980019980019,0.15,0.0129870129870129,0.3,0.0129870129870129,0.3,0.0559440559440559,0.6000000000000001,0.0559440559440559,0.6000000000000001
183529571,16544,,0.0055555808394274,0.0055555808394274,False,1,24.90416635715974,,,,,,,,,,,,,
183529631,16544,,0.0055555785115757,0.0055555785115757,False,17,24.904157098882024,0.4775594926704201,0.7312687312687313,0.15,0.7312687312687313,0.15,0.8191808191808192,0.3,0.8191808191808192,0.3,0.8421578421578422,0.6000000000000001,0.8421578421578422,0.6000000000000001
183529721,16544,0.0055555771145918,0.0055555771145918,0.0055555771145918,True,18,24.90415185972688,0.472257650266957,0.6153846153846154,0.15,0.6153846153846154,0.15,0.6063936063936064,0.3,0.6063936063936064,0.3,0.5744255744255744,0.6000000000000001,0.5744255744255744,0.6000000000000001
183532275,16545,,0.0055555747858306,0.0055555747858306,False,4,24.90414337025595,0.882211049403961,0.0719280719280719,0.15,0.0719280719280719,0.15,0.2877122877122877,0.3,0.2877122877122877,0.3,0.3826173826173826,0.6000000000000001,0.3826173826173826,0.6000000000000001
183533154,16546,,0.0055555910839757,0.0055555910839757,False,5,24.904209220815577,0.9211695466288976,0.1358641358641358,0.15,0.1358641358641358,0.15,0.2177822177822178,0.3,0.2177822177822178,0.3,0.2587412587412587,0.6000000000000001,0.2587412587412587,0.6000000000000001
183536420,16543,,0.0055555435869791,0.0055555435869791,False,11,24.9040108127856,0.6034407696760633,0.3206793206793207,0.15,0.3206793206793207,0.15,0.3656343656343656,0.3,0.3656343656343656,0.3,0.3406593406593406,0.6000000000000001,0.3406593406593406,0.6000000000000001
183537557,16544,0.0055555501053277,0.0055555501053277,0.0055555501053277,True,15,24.904035612043117,0.5565946110299614,0.2867132867132867,0.15,0.2867132867132867,0.15,0.3146853146853147,0.3,0.3146853146853147,0.3,0.3046953046953047,0.6000000000000001,0.3046953046953047,0.6000000000000001
183563012,16544,,0.3222267675864714,0.3222267675864714,False,0,24.904429725404952,,,,,,,,,,,,,
183584918,16544,,0.0055556492920914,0.0055556492920914,False,18,24.90449813151372,0.4649896205752383,0.6633366633366633,0.15,0.6633366633366633,0.15,0.6623376623376623,0.3,0.6623376623376623,0.3,0.6623376623376623,0.6000000000000001,0.6623376623376623,0.6000000000000001
183585025,16542,,0.0055556446354785,0.0055556446354785,False,17,24.9044784745538,0.5672331170407462,0.1678321678321678,0.15,0.1678321678321678,0.15,0.2117882117882117,0.3,0.2117882117882117,0.3,0.2607392607392607,0.6000000000000001,0.2607392607392607,0.6000000000000001
183585325,16543,,0.0055556343909302,0.0055556343909302,False,17,24.90443683931244,0.4211405920429819,0.8401598401598401,0.15,0.8401598401598401,0.15,0.8101898101898102,0.3,0.8101898101898102,0.3,0.8001998001998002,0.6000000000000001,0.8001998001998002,0.6000000000000001
183591107,27616,,0.566669418634774,0.566669418634774,False,10,49.60412536177455,0.8013579628589027,0.0009990009990009,0.15,0.2777222777222777,1.700008255904322,0.0049950049950049,0.3,0.2777222777222777,1.700008255904322,0.0769230769230769,0.6000000000000001,0.2777222777222777,1.700008255904322
183594608,27617,,0.0083333752004364,0.0083333752004364,False,26,49.604135879200385,0.4680591668571456,0.3956043956043956,0.15,0.3956043956043956,0.15,0.3806193806193806,0.3,0.3806193806193806,0.3,0.3726273726273726,0.6000000000000001,0.3726273726273726,0.6000000000000001
183619369,27615,,0.0083333728721299,0.0083333728721299,False,22,49.60412514966583,0.4956280760710747,0.3916083916083916,0.15,0.3916083916083916,0.15,0.4355644355644356,0.3,0.4355644355644356,0.3,0.4145854145854146,0.6000000000000001,0.4145854145854146,0.6000000000000001
183620516,27619,,0.0083334036057749,0.0083334036057749,False,12,49.60429676051854,0.6364796234214187,0.0359640359640359,0.15,0.0359640359640359,0.15,0.0949050949050949,0.3,0.0949050949050949,0.3,0.1628371628371628,0.6000000000000001,0.1628371628371628,0.6000000000000001
183645350,33021,,0.1111101935271108,0.1111101935271108,False,20,53.716084497255906,0.6884312644892016,0.0049950049950049,0.15,0.0359640359640359,0.3333305805813324,0.0209790209790209,0.3,0.0359640359640359,0.3333305805813324,0.0489510489510489,0.6000000000000001,0.0489510489510489,0.6000000000000001
183675957,16541,0.0055555547614858,0.0055555547614858,0.0055555547614858,True,9,24.904054377727338,0.6976002699004189,0.1888111888111888,0.15,0.1888111888111888,0.15,0.3806193806193806,0.3,0.3806193806193806,0.3,0.4665334665334665,0.6000000000000001,0.4665334665334665,0.6000000000000001
183981752,33034,,0.0111110098066546,0.0111110098066546,False,25,53.7160335578692,0.3750174926723428,0.7802197802197802,0.15,0.7802197802197802,0.15,0.8171828171828172,0.3,0.8171828171828172,0.3,0.8501498501498501,0.6000000000000001,0.8501498501498501,0.6000000000000001
183984138,16544,,0.0055555491749146,0.0055555491749146,False,13,24.904037550591056,0.5982314008136065,0.3606393606393606,0.15,0.3606393606393606,0.15,0.3606393606393606,0.3,0.3606393606393606,0.3,0.3756243756243756,0.6000000000000001,0.3756243756243756,0.6000000000000001
184137441,16543,0.005555453015404,0.005555453015404,0.005555453015404,True,2,24.902319318530772,1.0,0.0279720279720279,0.15,0.0279720279720279,0.15,0.0799200799200799,0.3,0.0799200799200799,0.3,0.1318681318681318,0.6000000000000001,0.1318681318681318,0.6000000000000001
184240478,9049,,0.0027777449855648,0.0027777449855648,False,7,17.774820722801906,0.7010838904625729,0.3746253746253746,0.15,0.3746253746253746,0.15,0.3806193806193806,0.3,0.3806193806193806,0.3,0.4135864135864135,0.6000000000000001,0.4135864135864135,0.6000000000000001
184398115,8968,0.0027777508055351,0.0027777508055351,0.0027777508055351,True,5,17.776248481040966,0.835256412530059,0.5084915084915085,0.15,0.5084915084915085,0.15,0.5574425574425574,0.3,0.5574425574425574,0.3,0.5294705294705294,0.6000000000000001,0.5294705294705294,0.6000000000000001
184449225,11149,,0.0027777254274496,0.0027777254274496,False,4,17.77326108276634,0.986087370388469,0.0409590409590409,0.15,0.0409590409590409,0.15,0.0839160839160839,0.3,0.0839160839160839,0.3,0.0899100899100899,0.6000000000000001,0.0899100899100899,0.6000000000000001
188544142,16545,0.0055554932951054,0.0055554932951054,0.0055554932951054,True,1,24.903720980543767,,,,,,,,,,,,,
188544193,16546,,0.0055554946920892,0.0055554946920892,False,15,24.90372740294424,0.4903176974316623,0.7052947052947053,0.15,0.7052947052947053,0.15,0.6993006993006993,0.3,0.6993006993006993,0.3,0.7252747252747253,0.6000000000000001,0.7252747252747253,0.6000000000000001
188570399,16546,0.0055554988830408,0.0055554988830408,0.0055554988830408,True,16,24.903745494816576,0.5558687637271094,0.2727272727272727,0.15,0.2727272727272727,0.15,0.2297702297702297,0.3,0.2297702297702297,0.3,0.2167832167832167,0.6000000000000001,0.2167832167832167,0.6000000000000001
197783882,16490,0.0055555184009108,0.0055555184009108,0.0055555184009108,True,14,25.378887562766067,0.5366925705399036,0.4995004995004995,0.15,0.4995004995004995,0.15,0.4855144855144855,0.3,0.4855144855144855,0.3,0.5194805194805194,0.6000000000000001,0.5194805194805194,0.6000000000000001
197784342,27737,,0.0083334531996115,0.0083334531996115,False,17,49.60471487923314,0.5374572380563205,0.1658341658341658,0.15,0.1658341658341658,0.15,0.2697302697302697,0.3,0.2697302697302697,0.3,0.3666333666333666,0.6000000000000001,0.3666333666333666,0.6000000000000001
197804126,25364,,0.0083334094274505,0.0083334094274505,False,27,49.60441354464433,0.4368373355078375,0.6973026973026973,0.15,0.6973026973026973,0.15,0.7972027972027972,0.3,0.7972027972027972,0.3,0.8211788211788211,0.6000000000000001,0.8211788211788211,0.6000000000000001
197804282,27664,,0.0083334092528275,0.0083334092528275,False,17,49.60447040957092,0.6807001062672908,0.0169830169830169,0.15,0.0169830169830169,0.15,0.0599400599400599,0.3,0.0599400599400599,0.3,0.1058941058941058,0.6000000000000001,0.1058941058941058,0.6000000000000001
197806814,25346,,0.0083334146079323,0.0083334146079323,False,26,49.60444571101266,0.3687119755446968,0.919080919080919,0.15,0.919080919080919,0.15,0.912087912087912,0.3,0.912087912087912,0.3,0.902097902097902,0.6000000000000001,0.902097902097902,0.6000000000000001
197807043,16545,,0.0055556334591528,0.0055556334591528,False,12,24.905894830621943,0.537855564408858,0.3936063936063936,0.15,0.3936063936063936,0.15,0.4265734265734265,0.3,0.4265734265734265,0.3,0.4455544455544455,0.6000000000000001,0.4455544455544455,0.6000000000000001
197807302,27738,,0.0083334325945543,0.0083334325945543,False,27,49.60460881346626,0.3854176501836134,0.7982017982017982,0.15,0.7982017982017982,0.15,0.8361638361638362,0.3,0.8361638361638362,0.3,0.8311688311688312,0.6000000000000001,0.8311688311688312,0.6000000000000001
197808393,27737,,0.4583391960420613,0.4583391960420613,False,2,49.604650500978096,1.0,0.0009990009990009,0.15,0.1068931068931069,1.375017588126184,0.0159840159840159,0.3,0.1068931068931069,1.375017588126184,0.0559440559440559,0.6000000000000001,0.1068931068931069,1.375017588126184
197809777,16546,0.0055556368349698,0.0055556368349698,0.0055556368349698,True,13,24.90590997788513,0.5885734382308252,0.4785214785214785,0.15,0.4785214785214785,0.15,0.5654345654345654,0.3,0.5654345654345654,0.3,0.6203796203796204,0.6000000000000001,0.6203796203796204,0.6000000000000001
197829601,27739,0.00833345122237,0.00833345122237,0.00833345122237,True,30,49.604717526633976,0.3896548627141349,0.7482517482517482,0.15,0.7482517482517482,0.15,0.7142857142857143,0.3,0.7142857142857143,0.3,0.6993006993006993,0.6000000000000001,0.6993006993006993,0.6000000000000001
197830265,16546,,0.0055556301992965,0.0055556301992965,False,16,24.905880718058143,0.5355104003165934,0.4855144855144855,0.15,0.4855144855144855,0.15,0.5114885114885115,0.3,0.5114885114885115,0.3,0.5214785214785215,0.6000000000000001,0.5214785214785215,0.6000000000000001
197845043,25547,,0.0083334623964219,0.0083334623964219,False,27,49.604725140196024,0.5129175054626753,0.1708291708291708,0.15,0.1708291708291708,0.15,0.1348651348651348,0.3,0.1348651348651348,0.3,0.1688311688311688,0.6000000000000001,0.1688311688311688,0.6000000000000001
197846172,16543,,0.005555634508255,0.005555634508255,False,19,24.905900066401045,0.4575949223205009,0.7912087912087912,0.15,0.7912087912087912,0.15,0.8071928071928072,0.3,0.8071928071928072,0.3,0.8021978021978022,0.6000000000000001,0.8021978021978022,0.6000000000000001
197880776,25503,,0.0083334701967032,0.0083334701967032,False,23,49.604773978053345,0.4398702124978291,0.6053946053946054,0.15,0.6053946053946054,0.15,0.6413586413586414,0.3,0.6413586413586414,0.3,0.6713286713286714,0.6000000000000001,0.6713286713286714,0.6000000000000001
197885600,27738,,0.0083334404519064,0.0083334404519064,False,24,49.60466378815727,0.4566905132175636,0.4685314685314685,0.15,0.4685314685314685,0.15,0.4175824175824176,0.3,0.4175824175824176,0.3,0.4515484515484515,0.6000000000000001,0.4515484515484515,0.6000000000000001
197886895,27443,,0.008333439461694,0.008333439461694,False,27,49.60465227910572,0.377000737201141,0.8441558441558441,0.15,0.8441558441558441,0.15,0.8751248751248751,0.3,0.8751248751248751,0.3,0.8721278721278721,0.6000000000000001,0.8721278721278721,0.6000000000000001
197887644,11133,,0.0027777941122621,0.0027777941122621,False,7,17.776488284962397,0.7236067097639037,0.3296703296703296,0.15,0.3296703296703296,0.15,0.3716283716283716,0.3,0.3716283716283716,0.3,0.4345654345654345,0.6000000000000001,0.4345654345654345,0.6000000000000001
197890692,27739,,0.1250018835492028,0.1250018835492028,False,14,49.60477339306635,0.857941521992212,0.0039960039960039,0.15,0.0449550449550449,0.3750056506476085,0.0319680319680319,0.3,0.0449550449550449,0.3750056506476085,0.0319680319680319,0.6000000000000001,0.0319680319680319,0.6000000000000001
197892635,25362,0.0083334651903896,0.0083334651903896,0.0083334651903896,True,12,49.60475087985651,0.6278017058779424,0.2037962037962038,0.15,0.2037962037962038,0.15,0.3916083916083916,0.3,0.3916083916083916,0.3,0.5344655344655345,0.6000000000000001,0.5344655344655345,0.6000000000000001
197904448,11192,,0.0083333886232139,0.0083333886232139,False,13,17.77789084161077,0.5572387156508188,0.8051948051948052,0.15,0.8051948051948052,0.15,0.7372627372627373,0.3,0.7372627372627373,0.3,0.7342657342657343,0.6000000000000001,0.7342657342657343,0.6000000000000001
197935605,16488,,0.0055555645024014,0.0055555645024014,False,17,25.379098235383022,0.4998146593131868,0.5244755244755245,0.15,0.5244755244755245,0.15,0.5344655344655345,0.3,0.5344655344655345,0.3,0.5414585414585414,0.6000000000000001,0.5414585414585414,0.6000000000000001
197950300,15514,,0.0041667213399705,0.0041667213399705,False,11,24.002996588794304,0.7016180056258484,0.0809190809190809,0.15,0.0809190809190809,0.15,0.1238761238761238,0.3,0.1238761238761238,0.3,0.1318681318681318,0.6000000000000001,0.1318681318681318,0.6000000000000001
197954314,11903,,0.0027778236940321,0.0027778236940321,False,6,23.74885804529049,0.9277445610378928,0.0029970029970029,0.15,0.0029970029970029,0.15,0.0509490509490509,0.3,0.0509490509490509,0.3,0.1298701298701298,0.6000000000000001,0.1298701298701298,0.6000000000000001
197955324,13519,,0.0041667245991448,0.0041667245991448,False,12,22.411319272758192,0.5358499698783853,0.3886113886113886,0.15,0.3886113886113886,0.15,0.6013986013986014,0.3,0.6013986013986014,0.3,0.6263736263736264,0.6000000000000001,0.6263736263736264,0.6000000000000001
197961755,16189,,0.0055556273666752,0.0055556273666752,False,13,24.96272677146453,0.9368310704574304,0.0009990009990009,0.15,0.0009990009990009,0.15,0.0009990009990009,0.3,0.0009990009990009,0.3,0.0009990009990009,0.6000000000000001,0.0009990009990009,0.6000000000000001
197978738,16485,,0.0055555016374455,0.0055555016374455,False,6,25.378817352685473,0.7402733452890933,0.3676323676323676,0.15,0.3676323676323676,0.15,0.5374625374625375,0.3,0.5374625374625375,0.3,0.6103896103896104,0.6000000000000001,0.6103896103896104,0.6000000000000001
197979354,16489,,0.0055555074582116,0.0055555074582116,False,20,25.378840519334517,0.4442024638157591,0.6443556443556444,0.15,0.6443556443556444,0.15,0.6293706293706294,0.3,0.6293706293706294,0.3,0.5834165834165834,0.6000000000000001,0.5834165834165834,0.6000000000000001
197982694,16491,,0.0055555044323227,0.0055555044323227,False,16,25.37883052996858,0.4636196968766826,0.8231768231768232,0.15,0.8231768231768232,0.15,0.8681318681318682,0.3,0.8681318681318682,0.3,0.8901098901098901,0.6000000000000001,0.8901098901098901,0.6000000000000001
197983102,16487,,0.0055555086216827,0.0055555086216827,False,10,25.378845365937195,0.6895914886341734,0.1198801198801198,0.15,0.1198801198801198,0.15,0.1478521478521478,0.3,0.1478521478521478,0.3,0.1488511488511488,0.6000000000000001,0.1488511488511488,0.6000000000000001
197985569,16489,,0.0055555575177095,0.0055555575177095,False,11,25.379069841686032,0.6271743767695203,0.2207792207792207,0.15,0.2207792207792207,0.15,0.2587412587412587,0.3,0.2587412587412587,0.3,0.2907092907092907,0.6000000000000001,0.2907092907092907,0.6000000000000001
198005341,11193,,0.005555598236242,0.005555598236242,False,5,17.776520530491325,0.9184932014953996,0.0379620379620379,0.15,0.0379620379620379,0.15,0.1528471528471528,0.3,0.1528471528471528,0.3,0.2857142857142857,0.6000000000000001,0.2857142857142857,0.6000000000000001
198074705,8782,,0.0027777988914294,0.0027777988914294,False,11,17.77790496418629,0.5982748395484997,0.6573426573426573,0.15,0.6573426573426573,0.15,0.6163836163836164,0.3,0.6163836163836164,0.3,0.5844155844155844,0.6000000000000001,0.5844155844155844,0.6000000000000001
198077554,8870,,0.0027778006312928,0.0027778006312928,False,7,17.777916010137687,0.7039385185407259,0.1908091908091908,0.15,0.1908091908091908,0.15,0.2397602397602397,0.3,0.2397602397602397,0.3,0.2427572427572427,0.6000000000000001,0.2427572427572427,0.6000000000000001
198078007,11193,,0.0111112267431963,0.0111112267431963,False,8,17.777957480884197,0.6629310915290434,0.6303696303696303,0.15,0.6303696303696303,0.15,0.7342657342657343,0.3,0.7342657342657343,0.3,0.7932067932067932,0.6000000000000001,0.7932067932067932,0.6000000000000001
198081001,11194,,0.002777802383207,0.002777802383207,False,9,17.77793009033803,0.7711261499416137,0.1438561438561438,0.15,0.1438561438561438,0.15,0.1458541458541458,0.3,0.1458541458541458,0.3,0.1928071928071928,0.6000000000000001,0.1928071928071928,0.6000000000000001
199729914,27589,,0.008333375202028,0.008333375202028,False,26,49.60415174381478,0.4725190667965522,0.2317682317682317,0.15,0.2317682317682317,0.15,0.2767232767232767,0.3,0.2767232767232767,0.3,0.3086913086913087,0.6000000000000001,0.3086913086913087,0.6000000000000001
199731707,27572,0.0083333682168813,0.0083333682168813,0.0083333682168813,True,22,49.604113509996296,0.4694085389877206,0.3996003996003996,0.15,0.3996003996003996,0.15,0.5054945054945055,0.3,0.5054945054945055,0.3,0.4875124875124875,0.6000000000000001,0.4875124875124875,0.6000000000000001
199735746,27481,,0.0083333563417227,0.0083333563417227,False,24,49.604058233440355,0.4435902559158002,0.4935064935064935,0.15,0.4935064935064935,0.15,0.4925074925074925,0.3,0.4925074925074925,0.3,0.5034965034965035,0.6000000000000001,0.5034965034965035,0.6000000000000001
199735836,27616,0.0083333616967138,0.0083333616967138,0.0083333616967138,True,29,49.60408625251284,0.4170081672317676,0.6573426573426573,0.15,0.6573426573426573,0.15,0.6713286713286714,0.3,0.6713286713286714,0.3,0.6603396603396603,0.6000000000000001,0.6603396603396603,0.6000000000000001
200657905,16545,,0.0111110080104026,0.0111110080104026,False,16,24.90386990763818,0.6076372233281827,0.0599400599400599,0.15,0.0599400599400599,0.15,0.1148851148851148,0.3,0.1148851148851148,0.3,0.2107892107892107,0.6000000000000001,0.2107892107892107,0.6000000000000001
200668936,15886,,0.0166665334400022,0.0166665334400022,False,0,23.97475253161656,,,,,,,,,,,,,
200671041,16542,,0.0055555086623826,0.0055555086623826,False,6,24.90389362283622,0.8937464198217152,0.0069930069930069,0.15,0.0069930069930069,0.15,0.0399600399600399,0.3,0.0399600399600399,0.3,0.1038961038961039,0.6000000000000001,0.1038961038961039,0.6000000000000001
200742257,27406,0.0083334501728131,0.0083334501728131,0.0083334501728131,True,12,49.60468008246062,0.6658395036779822,0.1298701298701298,0.15,0.1298701298701298,0.15,0.3086913086913087,0.3,0.3086913086913087,0.3,0.4135864135864135,0.6000000000000001,0.4135864135864135,0.6000000000000001
200745217,11751,,0.002777788058438,0.002777788058438,False,4,17.776451399233338,0.9933242650005892,0.1148851148851148,0.15,0.1148851148851148,0.15,0.1368631368631368,0.3,0.1368631368631368,0.3,0.1088911088911089,0.6000000000000001,0.1088911088911089,0.6000000000000001
200746541,11749,,0.0027777896939369,0.0027777896939369,False,11,17.77646262516282,0.7011180305598949,0.2547452547452547,0.15,0.2547452547452547,0.15,0.2587412587412587,0.3,0.2587412587412587,0.3,0.2687312687312687,0.6000000000000001,0.2687312687312687,0.6000000000000001
200769811,27605,0.0083334548298807,0.0083334548298807,0.0083334548298807,True,12,49.60471779497129,0.9090022890095536,0.0029970029970029,0.15,0.0029970029970029,0.15,0.0169830169830169,0.3,0.0169830169830169,0.3,0.0069930069930069,0.6000000000000001,0.0069930069930069,0.6000000000000001
200780252,11532,,0.0027777915552178,0.0027777915552178,False,12,17.776472910456505,0.6517231059740892,0.4455544455544455,0.15,0.4455544455544455,0.15,0.4625374625374625,0.3,0.4625374625374625,0.3,0.4885114885114885,0.6000000000000001,0.4885114885114885,0.6000000000000001
200782823,11331,0.0027777945779234,0.0027777945779234,0.0027777945779234,True,10,17.77649073829889,0.5625195470325952,0.8341658341658341,0.15,0.8341658341658341,0.15,0.8161838161838162,0.3,0.8161838161838162,0.3,0.8401598401598401,0.6000000000000001,0.8401598401598401,0.6000000000000001
200786539,11114,,0.0027777896884799,0.0027777896884799,False,7,17.776459026066732,0.8000025029103777,0.1248751248751248,0.15,0.1248751248751248,0.15,0.1938061938061938,0.3,0.1938061938061938,0.3,0.2107892107892107,0.6000000000000001,0.2107892107892107,0.6000000000000001
200802812,11200,0.0027778038918313,0.0027778038918313,0.0027778038918313,True,12,17.777938429633195,0.6549309817793008,0.3006993006993007,0.15,0.3006993006993007,0.15,0.2367632367632367,0.3,0.2367632367632367,0.3,0.2187812187812187,0.6000000000000001,0.2187812187812187,0.6000000000000001
200804116,11110,,0.0027777873608556,0.0027777873608556,False,12,17.776444960534718,0.5731288641274735,0.5744255744255744,0.15,0.5744255744255744,0.15,0.5384615384615384,0.3,0.5384615384615384,0.3,0.5694305694305695,0.6000000000000001,0.5694305694305695,0.6000000000000001
200807744,11183,,0.0027778073888384,0.0027778073888384,False,6,17.77796089872163,0.9027969287496744,0.0939060939060939,0.15,0.0939060939060939,0.15,0.2217782217782218,0.3,0.2217782217782218,0.3,0.3206793206793207,0.6000000000000001,0.3206793206793207,0.6000000000000001
200852526,11193,,0.0027777887576121,0.0027777887576121,False,2,17.776454317299795,0.0,1.0,0.15,1.0,0.15,1.0,0.3,1.0,0.3,1.0,0.6000000000000001,1.0,0.6000000000000001
200852735,11191,,0.0638891949761273,0.0638891949761273,False,1,17.776469003092643,,,,,,,,,,,,,
201365022,33035,,0.0111111522983264,0.0111111522983264,False,31,53.71659717769148,0.3913085139040124,0.3946053946053946,0.15,0.3946053946053946,0.15,0.4325674325674326,0.3,0.4325674325674326,0.3,0.4675324675324675,0.6000000000000001,0.4675324675324675,0.6000000000000001
201753030,27706,,0.0083333176930864,0.0083333176930864,False,26,49.60389464206878,0.3978692313195719,0.7402597402597403,0.15,0.7402597402597403,0.15,0.7382617382617382,0.3,0.7382617382617382,0.3,0.7552447552447552,0.6000000000000001,0.7552447552447552,0.6000000000000001
201753334,16544,,0.0055555736216774,0.0055555736216774,False,5,24.904238676220302,0.9232058552414388,0.0199800199800199,0.15,0.0199800199800199,0.15,0.0919080919080919,0.3,0.0919080919080919,0.3,0.1578421578421578,0.6000000000000001,0.1578421578421578,0.6000000000000001
201753500,27867,,0.3333328799635637,0.3333328799635637,False,0,49.60391820452992,,,,,,,,,,,,,
204584365,16440,0.0944455148287488,0.0944455148287488,0.0944455148287488,True,8,25.316790412734463,0.8839350335474707,0.0339660339660339,0.15,0.1148851148851148,0.2833365444862464,0.0659340659340659,0.3,0.0659340659340659,0.3,0.1068931068931069,0.6000000000000001,0.1068931068931069,0.6000000000000001
204588986,16393,,0.0055556185192244,0.0055556185192244,False,13,25.2417918970109,0.5764126090143916,0.3996003996003996,0.15,0.3996003996003996,0.15,0.4385614385614386,0.3,0.4385614385614386,0.3,0.4515484515484515,0.6000000000000001,0.4515484515484515,0.6000000000000001
206350311,31137,,0.0097222271782584,0.0097222271782584,False,22,51.44978963116091,0.4500027348967297,0.3806193806193806,0.15,0.3806193806193806,0.15,0.5274725274725275,0.3,0.5274725274725275,0.3,0.6383616383616384,0.6000000000000001,0.6383616383616384,0.6000000000000001
206385283,11750,,0.002777808314704,0.002777808314704,False,8,17.777969577716703,0.5899086512911941,0.7242757242757243,0.15,0.7242757242757243,0.15,0.7932067932067932,0.3,0.7932067932067932,0.3,0.8131868131868132,0.6000000000000001,0.8131868131868132,0.6000000000000001
206401237,11500,,0.0027778085541285,0.0027778085541285,False,7,17.777970861777703,0.8660771815078154,0.0829170829170829,0.15,0.0829170829170829,0.15,0.0989010989010989,0.3,0.0989010989010989,0.3,0.1518481518481518,0.6000000000000001,0.1518481518481518,0.6000000000000001
206402318,11125,,0.0027777950433574,0.0027777950433574,False,10,17.776493399320316,0.6437415752212077,0.1758241758241758,0.15,0.1758241758241758,0.15,0.1518481518481518,0.3,0.1518481518481518,0.3,0.1688311688311688,0.6000000000000001,0.1688311688311688,0.6000000000000001
206402603,11193,,0.0027777906259416,0.0027777906259416,False,12,17.776467126477655,0.4870240260759373,0.8901098901098901,0.15,0.8901098901098901,0.15,0.8281718281718282,0.3,0.8281718281718282,0.3,0.7632367632367633,0.6000000000000001,0.7632367632367633,0.6000000000000001
206403004,11140,,0.2361127572066834,0.2361127572066834,False,0,17.776507431557548,,,,,,,,,,,,,
206434088,11137,,0.0027778087858223,0.0027778087858223,False,10,17.77797015117858,0.7040417920971809,0.1138861138861138,0.15,0.1138861138861138,0.15,0.1048951048951049,0.3,0.1048951048951049,0.3,0.1418581418581418,0.6000000000000001,0.1418581418581418,0.6000000000000001
206435948,11192,,0.0027778057576597,0.0027778057576597,False,12,17.777951313549693,0.4996496339113762,0.8271728271728271,0.15,0.8271728271728271,0.15,0.8301698301698301,0.3,0.8301698301698301,0.3,0.8421578421578422,0.6000000000000001,0.8421578421578422,0.6000000000000001
206466813,11126,0.0027778023803648,0.0027778023803648,0.0027778023803648,True,13,17.777929674502502,0.5213182065851006,0.5654345654345654,0.15,0.5654345654345654,0.15,0.5234765234765235,0.3,0.5234765234765235,0.3,0.5424575424575424,0.6000000000000001,0.5424575424575424,0.6000000000000001
206467068,11193,,0.0027778062249126,0.0027778062249126,False,13,17.77795470565934,0.6084470469249176,0.1928071928071928,0.15,0.1928071928071928,0.15,0.2137862137862138,0.3,0.2137862137862138,0.3,0.2177822177822178,0.6000000000000001,0.2177822177822178,0.6000000000000001
206467901,11194,0.0111112481599775,0.0111112481599775,0.0111112481599775,True,11,17.777990768332074,0.6149337439147781,0.2157842157842157,0.15,0.2157842157842157,0.15,0.4045954045954046,0.3,0.4045954045954046,0.3,0.5034965034965035,0.6000000000000001,0.5034965034965035,0.6000000000000001
206469812,11106,0.0027778108807297,0.0027778108807297,0.0027778108807297,True,3,17.777983406925614,0.9325459107758972,0.2577422577422577,0.15,0.2577422577422577,0.15,0.4285714285714285,0.3,0.4285714285714285,0.3,0.3946053946053946,0.6000000000000001,0.3946053946053946,0.6000000000000001
206474468,11194,0.0027778162311733,0.0027778162311733,0.0027778162311733,True,11,17.77801762604531,0.6075270136834754,0.4395604395604395,0.15,0.4395604395604395,0.15,0.4615384615384615,0.3,0.4615384615384615,0.3,0.4875124875124875,0.6000000000000001,0.4875124875124875,0.6000000000000001
206475215,11194,,0.0027778027267686,0.0027778027267686,False,11,17.777931726206134,0.4869885763139003,0.8971028971028971,0.15,0.8971028971028971,0.15,0.902097902097902,0.3,0.902097902097902,0.3,0.8881118881118881,0.6000000000000001,0.8881118881118881,0.6000000000000001
206477756,11175,,0.0027778022672464,0.0027778022672464,False,11,17.777929827937896,0.6428368837749524,0.4185814185814185,0.15,0.4185814185814185,0.15,0.4345654345654345,0.3,0.4345654345654345,0.3,0.4425574425574425,0.6000000000000001,0.4425574425574425,0.6000000000000001
206478479,11085,0.0027778024939379,0.0027778024939379,0.0027778024939379,True,12,17.777929869963828,0.5037364478171193,0.7182817182817183,0.15,0.7182817182817183,0.15,0.7732267732267732,0.3,0.7732267732267732,0.3,0.7482517482517482,0.6000000000000001,0.7482517482517482,0.6000000000000001
206492386,11193,,0.0027778118080732,0.0027778118080732,False,5,17.777990023274015,0.9619705973027204,0.0229770229770229,0.15,0.0229770229770229,0.15,0.0839160839160839,0.3,0.0839160839160839,0.3,0.1298701298701298,0.6000000000000001,0.1298701298701298,0.6000000000000001
206529534,33037,,0.0111112263393806,0.0111112263393806,False,30,53.71701498459811,0.3984011507277339,0.7182817182817183,0.15,0.7182817182817183,0.15,0.7002997002997003,0.3,0.7002997002997003,0.3,0.7442557442557443,0.6000000000000001,0.7442557442557443,0.6000000000000001
206532826,33036,,0.0111112093418341,0.0111112093418341,False,32,53.71694051162126,0.3754122297772114,0.5874125874125874,0.15,0.5874125874125874,0.15,0.5814185814185814,0.3,0.5814185814185814,0.3,0.5724275724275725,0.6000000000000001,0.5724275724275725,0.6000000000000001
206532858,33033,0.0111112202848744,0.0111112202848744,0.0111112202848744,True,26,53.71695388098965,0.4152540022140928,0.5844155844155844,0.15,0.5844155844155844,0.15,0.6303696303696303,0.3,0.6303696303696303,0.3,0.6443556443556444,0.6000000000000001,0.6443556443556444,0.6000000000000001
206564625,33036,,0.0111112221475195,0.0111112221475195,False,20,53.7170092578956,0.5321793871176127,0.0809190809190809,0.15,0.0809190809190809,0.15,0.1508491508491508,0.3,0.1508491508491508,0.3,0.2227772227772227,0.6000000000000001,0.2227772227772227,0.6000000000000001
206609649,16545,,0.0055555414915033,0.0055555414915033,False,10,24.904080304350828,0.6528102475489954,0.2817182817182817,0.15,0.2817182817182817,0.15,0.4065934065934066,0.3,0.4065934065934066,0.3,0.4435564435564436,0.6000000000000001,0.4435564435564436,0.6000000000000001
206615548,33034,,0.0111112419381242,0.0111112419381242,False,18,53.717095103019574,0.4421466369480191,0.5744255744255744,0.15,0.5744255744255744,0.15,0.7342657342657343,0.3,0.7342657342657343,0.3,0.7862137862137862,0.6000000000000001,0.7862137862137862,0.6000000000000001
207088262,16544,,0.0055556190231982,0.0055556190231982,False,7,24.90440888450121,0.9495446362495114,0.0009990009990009,0.15,0.0009990009990009,0.15,0.0029970029970029,0.3,0.0029970029970029,0.3,0.0039960039960039,0.6000000000000001,0.0039960039960039,0.6000000000000001
207090424,16544,,0.0055556199554303,0.0055556199554303,False,21,24.90441455741984,0.4043459604679251,0.8881118881118881,0.15,0.8881118881118881,0.15,0.8961038961038961,0.3,0.8961038961038961,0.3,0.8881118881118881,0.6000000000000001,0.8881118881118881,0.6000000000000001
207148330,10887,0.0027777708282883,0.0027777708282883,0.0027777708282883,True,10,17.77633704888649,0.6171217375191377,0.4625374625374625,0.15,0.4625374625374625,0.15,0.5884115884115884,0.3,0.5884115884115884,0.3,0.6713286713286714,0.6000000000000001,0.6713286713286714,0.6000000000000001
207174734,27411,,0.0083334243286117,0.0083334243286117,False,21,49.604525894859535,0.5309926969805822,0.1248751248751248,0.15,0.1248751248751248,0.15,0.1078921078921078,0.3,0.1078921078921078,0.3,0.1178821178821178,0.6000000000000001,0.1178821178821178,0.6000000000000001
207174980,16545,,0.0055556509221332,0.0055556509221332,False,9,24.90597021652775,0.6518266120289471,0.0989010989010989,0.15,0.0989010989010989,0.15,0.1108891108891109,0.3,0.1108891108891109,0.3,0.1288711288711288,0.6000000000000001,0.1288711288711288,0.6000000000000001
207177270,27586,,0.0083334182741054,0.0083334182741054,False,27,49.60449947824395,0.4218787124109234,0.6453546453546454,0.15,0.6453546453546454,0.15,0.7172827172827173,0.3,0.7172827172827173,0.3,0.7832167832167832,0.6000000000000001,0.7832167832167832,0.6000000000000001
207238086,16543,,0.038889518146334,0.038889518146334,False,8,24.905947321592063,0.7333638600396524,0.4815184815184815,0.15,0.4815184815184815,0.15,0.5244755244755245,0.3,0.5244755244755245,0.3,0.4555444555444555,0.6000000000000001,0.4555444555444555,0.6000000000000001
207240752,16546,,0.0055556477675509,0.0055556477675509,False,16,24.905957275334913,0.6126535925456696,0.1288711288711288,0.15,0.1288711288711288,0.15,0.1418581418581418,0.3,0.1418581418581418,0.3,0.1408591408591408,0.6000000000000001,0.1408591408591408,0.6000000000000001
20923934,11067,,0.0027777193733982,0.0027777193733982,False,10,17.7746171843487,0.6762652187591743,0.2637362637362637,0.15,0.2637362637362637,0.15,0.2797202797202797,0.3,0.2797202797202797,0.3,0.2877122877122877,0.6000000000000001,0.2877122877122877,0.6000000000000001
20924063,11072,,0.2027736162378914,0.2027736162378914,False,0,17.773235998989776,,,,,,,,,,,,,
211436475,16547,0.005555679560075,0.005555679560075,0.005555679560075,True,12,24.905984864602033,0.5400592883469416,0.4035964035964036,0.15,0.4035964035964036,0.15,0.5424575424575424,0.3,0.5424575424575424,0.3,0.6143856143856143,0.6000000000000001,0.6143856143856143,0.6000000000000001
211440800,16546,,0.0055556707125106,0.0055556707125106,False,18,24.90456054735569,0.4481301675417526,0.6573426573426573,0.15,0.6573426573426573,0.15,0.6533466533466533,0.3,0.6533466533466533,0.3,0.6543456543456544,0.6000000000000001,0.6543456543456544,0.6000000000000001
212377300,10921,,0.0277780738338151,0.0277780738338151,False,9,17.775156523496207,0.9157354615081432,0.0229770229770229,0.15,0.0229770229770229,0.15,0.0619380619380619,0.3,0.0619380619380619,0.3,0.3666333666333666,0.6000000000000001,0.3666333666333666,0.6000000000000001
212381172,8986,,0.0027778003986895,0.0027778003986895,False,10,17.776579535482597,0.6322968916726536,0.3146853146853147,0.15,0.3146853146853147,0.15,0.3446553446553446,0.3,0.3446553446553446,0.3,0.3576423576423576,0.6000000000000001,0.3576423576423576,0.6000000000000001
218960215,16546,0.0055554988839503,0.0055554988839503,0.0055554988839503,True,13,24.903786409214263,0.5781717190540336,0.4215784215784215,0.15,0.4215784215784215,0.15,0.4925074925074925,0.3,0.4925074925074925,0.3,0.4785214785214785,0.6000000000000001,0.4785214785214785,0.6000000000000001
218967667,16545,,0.0055554993491568,0.0055554993491568,False,13,24.903792917296418,0.5168447819984003,0.5784215784215784,0.15,0.5784215784215784,0.15,0.5704295704295704,0.3,0.5704295704295704,0.3,0.5444555444555444,0.6000000000000001,0.5444555444555444,0.6000000000000001
218968119,16545,,0.0055555081958118,0.0055555081958118,False,15,24.903826349448536,0.5535295687869135,0.3756243756243756,0.15,0.3756243756243756,0.15,0.3536463536463536,0.3,0.3536463536463536,0.3,0.3336663336663337,0.6000000000000001,0.3336663336663337,0.6000000000000001
218969746,16545,,0.0055555054022988,0.0055555054022988,False,18,24.903816709328567,0.4485787707274689,0.8651348651348651,0.15,0.8651348651348651,0.15,0.8751248751248751,0.3,0.8751248751248751,0.3,0.8991008991008991,0.6000000000000001,0.8991008991008991,0.6000000000000001
218970269,16544,,0.0055555016790549,0.0055555016790549,False,10,24.903804196078458,0.7597643922751033,0.0989010989010989,0.15,0.0989010989010989,0.15,0.1228771228771228,0.3,0.1228771228771228,0.3,0.1478521478521478,0.6000000000000001,0.1478521478521478,0.6000000000000001
218972061,16544,,0.0055555109897795,0.0055555109897795,False,12,24.90383973860753,0.6107880984899072,0.2087912087912088,0.15,0.2087912087912088,0.15,0.3176823176823177,0.3,0.3176823176823177,0.3,0.3506493506493506,0.6000000000000001,0.3506493506493506,0.6000000000000001
218973038,16546,,0.00555550773106,0.00555550773106,False,17,24.90382812734333,0.6539080244019428,0.0379620379620379,0.15,0.0379620379620379,0.15,0.0289710289710289,0.3,0.0289710289710289,0.3,0.0319680319680319,0.6000000000000001,0.0319680319680319,0.6000000000000001
219121412,16491,,0.0055555575177095,0.0055555575177095,False,17,25.379087161491952,0.5343447222883015,0.2277722277722277,0.15,0.2277722277722277,0.15,0.2427572427572427,0.3,0.2427572427572427,0.3,0.2387612387612387,0.6000000000000001,0.2387612387612387,0.6000000000000001
219141658,16490,0.0055555817314143,0.0055555817314143,0.0055555817314143,True,14,25.379191291737698,0.5663303317603292,0.4215784215784215,0.15,0.4215784215784215,0.15,0.4775224775224775,0.3,0.4775224775224775,0.3,0.5014985014985015,0.6000000000000001,0.5014985014985015,0.6000000000000001
219215835,11193,,0.0027778036636618,0.0027778036636618,False,6,17.777938638249452,0.8776306324741745,0.0699300699300699,0.15,0.0699300699300699,0.15,0.0839160839160839,0.3,0.0839160839160839,0.3,0.0639360639360639,0.6000000000000001,0.0639360639360639,0.6000000000000001
219217331,11181,,0.011111282622096,0.011111282622096,False,2,17.778046639653894,0.0,1.0,0.15,1.0,0.15,1.0,0.3,1.0,0.3,1.0,0.6000000000000001,1.0,0.6000000000000001
219218631,11080,,0.0027778073840636,0.0027778073840636,False,8,17.777961581381078,0.694217261276858,0.3036963036963037,0.15,0.3036963036963037,0.15,0.3106893106893107,0.3,0.3106893106893107,0.3,0.3196803196803197,0.6000000000000001,0.3196803196803197,0.6000000000000001
219221780,11194,,0.0027778169351222,0.0027778169351222,False,13,17.778023520502302,0.4946087101815414,0.8461538461538461,0.15,0.8461538461538461,0.15,0.8271728271728271,0.3,0.8271728271728271,0.3,0.7902097902097902,0.6000000000000001,0.7902097902097902,0.6000000000000001
219229293,11109,0.0027778115743331,0.0027778115743331,0.0027778115743331,True,10,17.777988047123927,0.624737594158563,0.3896103896103896,0.15,0.3896103896103896,0.15,0.3596403596403596,0.3,0.3596403596403596,0.3,0.3516483516483517,0.6000000000000001,0.3516483516483517,0.6000000000000001
219233386,11194,,0.0027778235705682,0.0027778235705682,False,9,17.77806540242773,0.6492073625130039,0.4005994005994006,0.15,0.4005994005994006,0.15,0.4525474525474525,0.3,0.4525474525474525,0.3,0.4265734265734265,0.6000000000000001,0.4265734265734265,0.6000000000000001
219234951,11194,,0.0027778158817,0.0027778158817,False,9,17.778016042098443,0.6266714329935478,0.4185814185814185,0.15,0.4185814185814185,0.15,0.3986013986013986,0.3,0.3986013986013986,0.3,0.4545454545454545,0.6000000000000001,0.4545454545454545,0.6000000000000001
219235147,11194,,0.0027778190275284,0.0027778190275284,False,2,17.77803634865586,1.0,0.0799200799200799,0.15,0.0799200799200799,0.15,0.0889110889110889,0.3,0.0889110889110889,0.3,0.1208791208791208,0.6000000000000001,0.1208791208791208,0.6000000000000001
219236564,11194,,0.0027778174007835,0.0027778174007835,False,7,17.778026072908233,0.8416483921243589,0.0869130869130869,0.15,0.0869130869130869,0.15,0.0939060939060939,0.3,0.0939060939060939,0.3,0.0849150849150849,0.6000000000000001,0.0849150849150849,0.6000000000000001
219238878,11194,0.0027778267140092,0.0027778267140092,0.0027778267140092,True,13,17.77808553319801,0.4931028650558766,0.8231768231768232,0.15,0.8231768231768232,0.15,0.8371628371628371,0.3,0.8371628371628371,0.3,0.8411588411588412,0.6000000000000001,0.8411588411588412,0.6000000000000001
219240217,11194,,0.0027778120404491,0.0027778120404491,False,8,17.777991541679057,0.7190725837588059,0.2287712287712287,0.15,0.2287712287712287,0.15,0.3226773226773227,0.3,0.3226773226773227,0.3,0.3606393606393606,0.6000000000000001,0.3606393606393606,0.6000000000000001
219246146,11194,,0.0027778182156907,0.0027778182156907,False,9,17.77803122463547,0.7215860499074277,0.1868131868131868,0.15,0.1868131868131868,0.15,0.2537462537462537,0.3,0.2537462537462537,0.3,0.3316683316683316,0.6000000000000001,0.3316683316683316,0.6000000000000001
219251169,11194,,0.0027778242699696,0.0027778242699696,False,7,17.778070047981146,0.8241575947607818,0.0459540459540459,0.15,0.0459540459540459,0.15,0.0839160839160839,0.3,0.0839160839160839,0.3,0.1268731268731268,0.6000000000000001,0.1268731268731268,0.6000000000000001
219255235,11142,0.0027778189696618,0.0027778189696618,0.0027778189696618,True,8,17.778035540267865,0.7123926924656445,0.4325674325674326,0.15,0.4325674325674326,0.15,0.5364635364635365,0.3,0.5364635364635365,0.3,0.5824175824175825,0.6000000000000001,0.5824175824175825,0.6000000000000001
219317391,16490,,0.0055554848745487,0.0055554848745487,False,9,25.37734205764195,0.6943556513209491,0.0719280719280719,0.15,0.0719280719280719,0.15,0.1788211788211788,0.3,0.1788211788211788,0.3,0.2757242757242757,0.6000000000000001,0.2757242757242757,0.6000000000000001
219318151,16488,,0.0055554913931246,0.0055554913931246,False,17,25.377375376638383,0.4694262640510145,0.6413586413586414,0.15,0.6413586413586414,0.15,0.6353646353646354,0.3,0.6353646353646354,0.3,0.6133866133866134,0.6000000000000001,0.6133866133866134,0.6000000000000001
219334470,16488,,0.0055556303934736,0.0055556303934736,False,16,25.379425266278304,0.4508975380212184,0.8161838161838162,0.15,0.8161838161838162,0.15,0.8501498501498501,0.3,0.8501498501498501,0.3,0.8451548451548452,0.6000000000000001,0.8451548451548452,0.6000000000000001
219334689,30385,,0.0097222038945119,0.0097222038945119,False,21,49.989936651389144,0.4397014770127052,0.3036963036963037,0.15,0.3036963036963037,0.15,0.3976023976023976,0.3,0.3976023976023976,0.3,0.4075924075924076,0.6000000000000001,0.4075924075924076,0.6000000000000001
219334997,30219,,0.0097222041287068,0.0097222041287068,False,28,49.74688334193047,0.4429830037853679,0.3536463536463536,0.15,0.3536463536463536,0.15,0.3996003996003996,0.3,0.3996003996003996,0.3,0.4205794205794206,0.6000000000000001,0.4205794205794206,0.6000000000000001
219337000,33035,,0.4000000075493517,0.4000000075493517,False,4,53.71636140350756,0.9944922170398226,0.0009990009990009,0.15,0.1328671328671328,1.2000000226480552,0.0159840159840159,0.3,0.1328671328671328,1.2000000226480552,0.0869130869130869,0.6000000000000001,0.1328671328671328,1.2000000226480552
219342752,31525,,0.0097222276444881,0.0097222276444881,False,34,53.716496431543874,0.2970849511925953,0.9790209790209792,0.15,0.9790209790209792,0.15,0.984015984015984,0.3,0.984015984015984,0.3,0.985014985014985,0.6000000000000001,0.985014985014985,0.6000000000000001
220388567,16489,0.0944444619627802,0.0944444619627802,0.0944444619627802,True,15,25.37768551776594,0.9178117064417224,0.0009990009990009,0.15,0.0009990009990009,0.2833333858883405,0.0009990009990009,0.3,0.0009990009990009,0.3,0.0009990009990009,0.6000000000000001,0.0009990009990009,0.6000000000000001
220389925,27741,,0.0083334533906054,0.0083334533906054,False,26,49.6061765012862,0.4045351533401439,0.7472527472527473,0.15,0.7472527472527473,0.15,0.7452547452547452,0.3,0.7452547452547452,0.3,0.7102897102897103,0.6000000000000001,0.7102897102897103,0.6000000000000001
220390069,8905,,0.0027778017956734,0.0027778017956734,False,6,17.777922880155074,0.9190574928045244,0.0159840159840159,0.15,0.0159840159840159,0.15,0.0189810189810189,0.3,0.0189810189810189,0.3,0.0119880119880119,0.6000000000000001,0.0119880119880119,0.6000000000000001
220391299,27739,,0.0083334739961173,0.0083334739961173,False,11,49.60629563187899,0.6448888155780569,0.0239760239760239,0.15,0.0239760239760239,0.15,0.1158841158841158,0.3,0.1158841158841158,0.3,0.2027972027972027,0.6000000000000001,0.2027972027972027,0.6000000000000001
220391375,27739,,0.0083334705454944,0.0083334705454944,False,25,49.606275828002936,0.455300612508398,0.5034965034965035,0.15,0.5034965034965035,0.15,0.5554445554445554,0.3,0.5554445554445554,0.3,0.5624375624375625,0.6000000000000001,0.5624375624375625,0.6000000000000001
220393352,8947,,0.0027778069177202,0.0027778069177202,False,7,17.777955606131854,0.6534391282170455,0.6353646353646354,0.15,0.6353646353646354,0.15,0.6073926073926074,0.3,0.6073926073926074,0.3,0.5794205794205795,0.6000000000000001,0.5794205794205795,0.6000000000000001
220393406,8956,,0.0027778075054811,0.0027778075054811,False,12,17.777959731541614,0.6080191792005527,0.5704295704295704,0.15,0.5704295704295704,0.15,0.5844155844155844,0.3,0.5844155844155844,0.3,0.6143856143856143,0.6000000000000001,0.6143856143856143,0.6000000000000001
220394125,11194,0.0027778101773492,0.0027778101773492,0.0027778101773492,True,11,17.77797862365287,0.6176124483693379,0.4485514485514486,0.15,0.4485514485514486,0.15,0.4735264735264735,0.3,0.4735264735264735,0.3,0.4775224775224775,0.6000000000000001,0.4775224775224775,0.6000000000000001
220394510,9030,0.0027778038966062,0.0027778038966062,0.0027778038966062,True,9,17.776548125695626,0.7403236398944893,0.1348651348651348,0.15,0.1348651348651348,0.15,0.1618381618381618,0.3,0.1618381618381618,0.3,0.2227772227772227,0.6000000000000001,0.2227772227772227,0.6000000000000001
220394878,11194,,0.0027777976047218,0.0027777976047218,False,8,17.777898162271867,0.6250819947573959,0.4355644355644356,0.15,0.4355644355644356,0.15,0.4145854145854146,0.3,0.4145854145854146,0.3,0.3926073926073926,0.6000000000000001,0.3926073926073926,0.6000000000000001
220397638,11194,,0.002777802726996,0.002777802726996,False,13,17.777930819097946,0.5350512869822663,0.4795204795204795,0.15,0.4795204795204795,0.15,0.4855144855144855,0.3,0.4855144855144855,0.3,0.4535464535464535,0.6000000000000001,0.4535464535464535,0.6000000000000001
220399756,11194,,0.0027778112250871,0.0027778112250871,False,6,17.777985149313736,0.756434514374472,0.2327672327672327,0.15,0.2327672327672327,0.15,0.2997002997002997,0.3,0.2997002997002997,0.3,0.3476523476523476,0.6000000000000001,0.3476523476523476,0.6000000000000001
220405171,43949,,0.0138891232750211,0.0138891232750211,False,45,78.41918659047542,0.3585840922897025,0.5074925074925075,0.15,0.5074925074925075,0.15,0.5394605394605395,0.3,0.5394605394605395,0.3,0.5754245754245755,0.6000000000000001,0.5754245754245755,0.6000000000000001
220407099,27693,,0.4833412713824145,0.4833412713824145,False,9,49.60490082550609,0.7837154672000258,0.0049950049950049,0.15,0.4535464535464535,1.4500238141472437,0.0979020979020979,0.3,0.4535464535464535,1.4500238141472437,0.3086913086913087,0.6000000000000001,0.4535464535464535,1.4500238141472437
220407213,11194,,0.0027778051717177,0.0027778051717177,False,8,17.777946189645718,0.6621012096921408,0.5554445554445554,0.15,0.5554445554445554,0.15,0.6163836163836164,0.3,0.6163836163836164,0.3,0.6513486513486514,0.6000000000000001,0.6513486513486514,0.6000000000000001
220407530,27462,,0.0166668996052976,0.0166668996052976,False,18,49.606173349753135,0.4656315146906151,0.6743256743256744,0.15,0.6743256743256744,0.15,0.7512487512487512,0.3,0.7512487512487512,0.3,0.8011988011988012,0.6000000000000001,0.8011988011988012,0.6000000000000001
220408612,27706,0.0083334479777477,0.0083334479777477,0.0083334479777477,True,21,49.60616724289639,0.4825676038586941,0.3186813186813186,0.15,0.3186813186813186,0.15,0.3496503496503496,0.3,0.3496503496503496,0.3,0.4015984015984016,0.6000000000000001,0.4015984015984016,0.6000000000000001
220409421,8964,,0.002777812505883,0.002777812505883,False,9,17.777991052967536,0.7997443455843495,0.0739260739260739,0.15,0.0739260739260739,0.15,0.0879120879120879,0.3,0.0879120879120879,0.3,0.1448551448551448,0.6000000000000001,0.1448551448551448,0.6000000000000001
220413881,27705,0.0083334721166465,0.0083334721166465,0.0083334721166465,True,21,49.60631247392075,0.5146740314258186,0.1108891108891109,0.15,0.1108891108891109,0.15,0.1178821178821178,0.3,0.1178821178821178,0.3,0.1128871128871128,0.6000000000000001,0.1128871128871128,0.6000000000000001
220414767,43700,0.0138890929615627,0.0138890929615627,0.0138890929615627,True,40,78.03986585564257,0.3343657399996858,0.7772227772227772,0.15,0.7772227772227772,0.15,0.8271728271728271,0.3,0.8271728271728271,0.3,0.8191808191808192,0.6000000000000001,0.8191808191808192,0.6000000000000001
220416628,11194,0.0027778180992754,0.0027778180992754,0.0027778180992754,True,10,17.778029048018197,0.7002497761988008,0.2267732267732267,0.15,0.2267732267732267,0.15,0.2467532467532467,0.3,0.2467532467532467,0.3,0.2457542457542457,0.6000000000000001,0.2457542457542457,0.6000000000000001
220421994,43782,,0.0138891124768179,0.0138891124768179,False,33,78.14692676459072,0.4729646975355747,0.0329670329670329,0.15,0.0329670329670329,0.15,0.0669330669330669,0.3,0.0669330669330669,0.3,0.0929070929070929,0.6000000000000001,0.0929070929070929,0.6000000000000001
220423078,8914,0.0027778158879527,0.0027778158879527,0.0027778158879527,True,7,17.778012492246035,0.7434176017045981,0.3456543456543456,0.15,0.3456543456543456,0.15,0.3786213786213786,0.3,0.3786213786213786,0.3,0.3646353646353646,0.6000000000000001,0.3646353646353646,0.6000000000000001
220423277,8976,0.0027778186804425,0.0027778186804425,0.0027778186804425,True,10,17.77803051194087,0.7070125922518451,0.4105894105894105,0.15,0.4105894105894105,0.15,0.4435564435564436,0.3,0.4435564435564436,0.3,0.4925074925074925,0.6000000000000001,0.4925074925074925,0.6000000000000001
220430530,11159,,0.0027778191467859,0.0027778191467859,False,6,17.778035160055424,0.795542734926396,0.3286713286713286,0.15,0.3286713286713286,0.15,0.4925074925074925,0.3,0.4925074925074925,0.3,0.5974025974025974,0.6000000000000001,0.5974025974025974,0.6000000000000001
220430697,9005,,0.0027778169294379,0.0027778169294379,False,5,17.776630111418854,0.794666831207057,0.2967032967032967,0.15,0.2967032967032967,0.15,0.4805194805194805,0.3,0.4805194805194805,0.3,0.5294705294705294,0.6000000000000001,0.5294705294705294,0.6000000000000001
220431435,44197,,0.015278053611837,0.015278053611837,False,43,78.41930441704199,0.3614820256985011,0.6693306693306693,0.15,0.6693306693306693,0.15,0.6983016983016983,0.3,0.6983016983016983,0.3,0.7262737262737263,0.6000000000000001,0.7262737262737263,0.6000000000000001
220436741,27704,,0.0083334670107433,0.0083334670107433,False,19,49.606300583288885,0.5392465715104552,0.0819180819180819,0.15,0.0819180819180819,0.15,0.1448551448551448,0.3,0.1448551448551448,0.3,0.1888111888111888,0.6000000000000001,0.1888111888111888,0.6000000000000001
220455309,11159,,0.0027778192641108,0.0027778192641108,False,3,17.77803579667261,0.9946907797521144,0.0359640359640359,0.15,0.0359640359640359,0.15,0.1218781218781218,0.3,0.1218781218781218,0.3,0.1718281718281718,0.6000000000000001,0.1718281718281718,0.6000000000000001
220459040,9040,,0.0027778206547282,0.0027778206547282,False,10,17.77804260865696,0.526658576287649,0.7832167832167832,0.15,0.7832167832167832,0.15,0.7902097902097902,0.3,0.7902097902097902,0.3,0.8561438561438561,0.6000000000000001,0.8561438561438561,0.6000000000000001
220482148,16487,,0.2944456836726203,0.2944456836726203,False,4,25.379179949625723,0.979958941415512,0.0099900099900099,0.15,0.2357642357642357,0.8833370510178611,0.0869130869130869,0.3,0.2357642357642357,0.8833370510178611,0.1848151848151848,0.6000000000000001,0.2357642357642357,0.8833370510178611
220482527,16489,0.0055555887167884,0.0055555887167884,0.0055555887167884,True,14,25.379222125499837,0.5121968398987773,0.7632367632367633,0.15,0.7632367632367633,0.15,0.7622377622377622,0.3,0.7622377622377622,0.3,0.8031968031968032,0.6000000000000001,0.8031968031968032,0.6000000000000001
220485705,16491,,0.0055555975638981,0.0055555975638981,False,12,25.37925916000768,0.6732938252904009,0.0569430569430569,0.15,0.0569430569430569,0.15,0.0709290709290709,0.3,0.0709290709290709,0.3,0.0599400599400599,0.6000000000000001,0.0599400599400599,0.6000000000000001
220491450,16491,,0.0055555966329166,0.0055555966329166,False,8,25.37925803171038,0.6609971534528674,0.2777222777222777,0.15,0.2777222777222777,0.15,0.3646353646353646,0.3,0.3646353646353646,0.3,0.4255744255744256,0.6000000000000001,0.4255744255744256,0.6000000000000001
220511824,16489,,0.0055556096717737,0.0055556096717737,False,4,25.379322537440203,0.9635334458346204,0.0349650349650349,0.15,0.0349650349650349,0.15,0.1248751248751248,0.3,0.1248751248751248,0.3,0.1828171828171828,0.6000000000000001,0.1828171828171828,0.6000000000000001
220595865,16545,,0.0055555821207917,0.0055555821207917,False,10,24.904234571648885,0.7023395026446567,0.0449550449550449,0.15,0.0449550449550449,0.15,0.0849150849150849,0.3,0.0849150849150849,0.3,0.1068931068931069,0.6000000000000001,0.1068931068931069,0.6000000000000001
224278972,16545,,0.0055555333419761,0.0055555333419761,False,16,24.903959481079255,0.4634332616574766,0.7312687312687313,0.15,0.7312687312687313,0.15,0.7512487512487512,0.3,0.7512487512487512,0.3,0.7662337662337663,0.6000000000000001,0.7662337662337663,0.6000000000000001
224281107,16545,,0.0055555366016051,0.0055555366016051,False,18,24.903973524026696,0.528361214637526,0.3916083916083916,0.15,0.3916083916083916,0.15,0.4005994005994006,0.3,0.4005994005994006,0.3,0.4095904095904096,0.6000000000000001,0.4095904095904096,0.6000000000000001
224281503,16544,0.0055555272901983,0.0055555272901983,0.0055555272901983,True,19,24.903937441330527,0.3926000913465703,0.9690309690309692,0.15,0.9690309690309692,0.15,0.976023976023976,0.3,0.976023976023976,0.3,0.964035964035964,0.6000000000000001,0.964035964035964,0.6000000000000001
224283342,16542,,0.1166661121715151,0.1166661121715151,False,27,24.903946288429324,0.9545953368651507,0.0009990009990009,0.15,0.0009990009990009,0.3499983365145453,0.0009990009990009,0.3,0.0009990009990009,0.3499983365145453,0.0009990009990009,0.6000000000000001,0.0009990009990009,0.6000000000000001
224284606,16543,,0.0055555407930114,0.0055555407930114,False,10,24.903993349090342,0.6813196407236236,0.4805194805194805,0.15,0.4805194805194805,0.15,0.5624375624375625,0.3,0.5624375624375625,0.3,0.6043956043956044,0.6000000000000001,0.6043956043956044,0.6000000000000001
224285142,16541,0.0111110527150231,0.0111110527150231,0.0111110527150231,True,25,24.90393592374039,0.4574065736053351,0.0569430569430569,0.15,0.0569430569430569,0.15,0.2187812187812187,0.3,0.2187812187812187,0.3,0.4675324675324675,0.6000000000000001,0.4675324675324675,0.6000000000000001
224285897,16545,0.0055555398607793,0.0055555398607793,0.0055555398607793,True,9,24.9039891455659,0.7022142997569325,0.0349650349650349,0.15,0.0349650349650349,0.15,0.1668331668331668,0.3,0.1668331668331668,0.3,0.2557442557442557,0.6000000000000001,0.2557442557442557,0.6000000000000001
228382006,16540,,0.0055556525517204,0.0055556525517204,False,9,24.90445579964307,0.7313877119927874,0.2077922077922078,0.15,0.2077922077922078,0.15,0.2317682317682317,0.3,0.2317682317682317,0.3,0.2687312687312687,0.6000000000000001,0.2687312687312687,0.6000000000000001
228383297,16545,,0.0055556464986921,0.0055556464986921,False,15,24.90443015521032,0.4700662048186773,0.7722277722277723,0.15,0.7722277722277723,0.15,0.7862137862137862,0.3,0.7862137862137862,0.3,0.7322677322677322,0.6000000000000001,0.7322677322677322,0.6000000000000001
228507309,16542,,0.0555565301601745,0.0555565301601745,False,0,24.904458686743055,,,,,,,,,,,,,
228507387,16546,,0.0055556604675075,0.0055556604675075,False,15,24.904490619931497,0.5460358198884627,0.4465534465534465,0.15,0.4465534465534465,0.15,0.4905094905094905,0.3,0.4905094905094905,0.3,0.4665334665334665,0.6000000000000001,0.4665334665334665,0.6000000000000001
228569826,16545,,0.0055556553452333,0.0055556553452333,False,9,24.90446977134434,0.8030695690784574,0.0299700299700299,0.15,0.0299700299700299,0.15,0.0499500499500499,0.3,0.0499500499500499,0.3,0.0619380619380619,0.6000000000000001,0.0619380619380619,0.6000000000000001
228613048,16545,,0.5555649291636655,0.5555649291636655,False,0,24.90444542936621,,,,,,,,,,,,,
229012749,16545,,0.0055556632614752,0.0055556632614752,False,17,24.904515475534023,0.4802871518161893,0.5974025974025974,0.15,0.5974025974025974,0.15,0.6253746253746254,0.3,0.6253746253746254,0.3,0.6703296703296703,0.6000000000000001,0.6703296703296703,0.6000000000000001
229037487,16357,0.0055556273659931,0.0055556273659931,0.0055556273659931,True,12,25.18905612018716,0.5896398865655889,0.5854145854145855,0.15,0.5854145854145855,0.15,0.6253746253746254,0.3,0.6253746253746254,0.3,0.5914085914085914,0.6000000000000001,0.5914085914085914,0.6000000000000001
229039703,16354,0.0055556255042574,0.0055556255042574,0.0055556255042574,True,12,25.189050359957037,0.561572840020919,0.6563436563436563,0.15,0.6563436563436563,0.15,0.6613386613386614,0.3,0.6613386613386614,0.3,0.6613386613386614,0.6000000000000001,0.6613386613386614,0.6000000000000001
229051080,16355,,0.0055556306256221,0.0055556306256221,False,9,25.189075803689775,0.6934810328257758,0.2157842157842157,0.15,0.2157842157842157,0.15,0.2467532467532467,0.3,0.2467532467532467,0.3,0.2277722277722277,0.6000000000000001,0.2277722277722277,0.6000000000000001
229053359,16414,,0.0055556464581059,0.0055556464581059,False,0,25.272474677627542,,,,,,,,,,,,,
229100316,27430,,0.0083334213018133,0.0083334213018133,False,20,49.60443563142462,0.6211152923130692,0.0069930069930069,0.15,0.0069930069930069,0.15,0.0199800199800199,0.3,0.0199800199800199,0.3,0.0439560439560439,0.6000000000000001,0.0439560439560439,0.6000000000000001
229112415,16545,,0.0055555719923177,0.0055555719923177,False,13,24.904195624902968,0.5756638267875802,0.3826173826173826,0.15,0.3826173826173826,0.15,0.4675324675324675,0.3,0.4675324675324675,0.3,0.4765234765234765,0.6000000000000001,0.4765234765234765,0.6000000000000001
230983203,16545,,0.0055555612818807,0.0055555612818807,False,14,24.904168218640734,0.6280257092669772,0.1828171828171828,0.15,0.1828171828171828,0.15,0.1838161838161838,0.3,0.1838161838161838,0.3,0.1758241758241758,0.6000000000000001,0.1758241758241758,0.6000000000000001
231009108,16545,,0.0055555589542564,0.0055555589542564,False,7,24.90416135153373,0.8717907102692568,0.0909090909090909,0.15,0.0909090909090909,0.15,0.1918081918081918,0.3,0.1918081918081918,0.3,0.2667332667332667,0.6000000000000001,0.2667332667332667,0.6000000000000001
231013930,27938,0.1333328241653362,0.1333328241653362,0.1333328241653362,True,8,49.60377995691147,0.8432603750496157,0.0129870129870129,0.15,0.0879120879120879,0.3999984724960086,0.0619380619380619,0.3,0.0879120879120879,0.3999984724960086,0.1608391608391608,0.6000000000000001,0.1608391608391608,0.6000000000000001
231020078,27939,0.0083332897528407,0.0083332897528407,0.0083332897528407,True,32,49.60371969708126,0.383442084512942,0.5844155844155844,0.15,0.5844155844155844,0.15,0.5834165834165834,0.3,0.5834165834165834,0.3,0.5714285714285714,0.6000000000000001,0.5714285714285714,0.6000000000000001
231023707,27762,,0.0083333197881074,0.0083333197881074,False,34,49.60388821268339,0.3269076812382632,0.984015984015984,0.15,0.984015984015984,0.15,0.976023976023976,0.3,0.976023976023976,0.3,0.982017982017982,0.6000000000000001,0.982017982017982,0.6000000000000001
231044412,27935,,0.00833328626004,0.00833328626004,False,21,49.60370492746938,0.5535694367591943,0.1318681318681318,0.15,0.1318681318681318,0.15,0.1538461538461538,0.3,0.1538461538461538,0.3,0.1538461538461538,0.6000000000000001,0.1538461538461538,0.6000000000000001
231045282,27940,,0.0083333197886759,0.0083333197886759,False,24,49.60388914447162,0.47651281494191,0.3386613386613387,0.15,0.3386613386613387,0.15,0.3826173826173826,0.3,0.3826173826173826,0.3,0.4415584415584415,0.6000000000000001,0.4415584415584415,0.6000000000000001
231046372,27831,,0.0083333142003994,0.0083333142003994,False,26,49.603858462747894,0.3937612936661336,0.7692307692307693,0.15,0.7692307692307693,0.15,0.7582417582417582,0.3,0.7582417582417582,0.3,0.7282717282717283,0.6000000000000001,0.7282717282717283,0.6000000000000001
231047005,27820,0.0083332864933254,0.0083332864933254,0.0083332864933254,True,26,49.60370773587261,0.3771748515129349,0.904095904095904,0.15,0.904095904095904,0.15,0.914085914085914,0.3,0.914085914085914,0.3,0.906093906093906,0.6000000000000001,0.906093906093906,0.6000000000000001
231048679,27769,,0.0083333266558156,0.0083333266558156,False,21,49.60392844488729,0.4542786501394787,0.3786213786213786,0.15,0.3786213786213786,0.15,0.5014985014985015,0.3,0.5014985014985015,0.3,0.5264735264735265,0.6000000000000001,0.5264735264735265,0.6000000000000001
231057252,27737,,0.0083332937110753,0.0083332937110753,False,24,49.60375299884822,0.4763836041816121,0.4695304695304695,0.15,0.4695304695304695,0.15,0.2227772227772227,0.3,0.2227772227772227,0.3,0.5224775224775224,0.6000000000000001,0.5224775224775224,0.6000000000000001
231059941,27938,,0.0083333003467487,0.0083333003467487,False,8,49.60379215700437,0.8328673147400543,0.0049950049950049,0.15,0.0049950049950049,0.15,0.0319680319680319,0.3,0.0319680319680319,0.3,0.0859140859140859,0.6000000000000001,0.0859140859140859,0.6000000000000001
231061445,27711,0.0083333379482155,0.0083333379482155,0.0083333379482155,True,31,49.60399716345478,0.3983502157950265,0.5744255744255744,0.15,0.5744255744255744,0.15,0.5504495504495505,0.3,0.5504495504495505,0.3,0.5114885114885115,0.6000000000000001,0.5114885114885115,0.6000000000000001
231061733,27940,,0.1999997307857484,0.1999997307857484,False,16,49.6039121958695,0.9931962637740878,0.0009990009990009,0.15,0.0009990009990009,0.5999991923572452,0.0009990009990009,0.3,0.0009990009990009,0.5999991923572452,0.0009990009990009,0.6000000000000001,0.0009990009990009,0.6000000000000001
231268284,16488,,0.0055555677615757,0.0055555677615757,False,8,25.379109272486858,0.7894756451596519,0.0809190809190809,0.15,0.0809190809190809,0.15,0.1718281718281718,0.3,0.1718281718281718,0.3,0.2347652347652347,0.6000000000000001,0.2347652347652347,0.6000000000000001
231627272,16489,,0.0055554625223521,0.0055554625223521,False,6,25.377245851554335,0.8419180629714245,0.0929070929070929,0.15,0.0929070929070929,0.15,0.2507492507492507,0.3,0.2507492507492507,0.3,0.3496503496503496,0.6000000000000001,0.3496503496503496,0.6000000000000001
231627290,16489,,0.0055554620566908,0.0055554620566908,False,13,25.377243934426815,0.6517252311288557,0.0879120879120879,0.15,0.0879120879120879,0.15,0.1278721278721278,0.3,0.1278721278721278,0.3,0.1608391608391608,0.6000000000000001,0.1608391608391608,0.6000000000000001
231630959,16488,,0.0055554709038005,0.0055554709038005,False,5,25.377277767513306,0.9047632851476928,0.0319680319680319,0.15,0.0319680319680319,0.15,0.1368631368631368,0.3,0.1368631368631368,0.3,0.2967032967032967,0.6000000000000001,0.2967032967032967,0.6000000000000001
231636691,16490,,0.0055554643849973,0.0055554643849973,False,7,25.37725728772989,0.8899728011296985,0.0629370629370629,0.15,0.0629370629370629,0.15,0.0919080919080919,0.3,0.0919080919080919,0.3,0.1318681318681318,0.6000000000000001,0.1318681318681318,0.6000000000000001
231668630,16486,,0.0055554830116761,0.0055554830116761,False,11,25.377333260834575,0.6795494455527352,0.1578421578421578,0.15,0.1578421578421578,0.15,0.1998001998001998,0.3,0.1998001998001998,0.3,0.2307692307692307,0.6000000000000001,0.2307692307692307,0.6000000000000001
231671734,16484,0.1499979910054207,0.1499979910054207,0.1499979910054207,True,15,25.377334157698215,0.9641575084852632,0.0009990009990009,0.15,0.0009990009990009,0.4499939730162621,0.0009990009990009,0.3,0.0009990009990009,0.4499939730162621,0.0019980019980019,0.6000000000000001,0.0019980019980019,0.6000000000000001
231701201,16482,,0.0055555463417249,0.0055555463417249,False,6,25.379019880886517,0.9704475666462437,0.0169830169830169,0.15,0.0169830169830169,0.15,0.0739260739260739,0.3,0.0739260739260739,0.3,0.1318681318681318,0.6000000000000001,0.1318681318681318,0.6000000000000001
231704059,16484,,0.0055555579824613,0.0055555579824613,False,13,25.37907243029713,0.6190967243552885,0.1708291708291708,0.15,0.1708291708291708,0.15,0.2097902097902098,0.3,0.2097902097902098,0.3,0.2427572427572427,0.6000000000000001,0.2427572427572427,0.6000000000000001
231704229,16481,,0.0055555603115635,0.0055555603115635,False,8,25.3790830771768,0.7056400500006076,0.1448551448551448,0.15,0.1448551448551448,0.15,0.3636363636363636,0.3,0.3636363636363636,0.3,0.5094905094905094,0.6000000000000001,0.5094905094905094,0.6000000000000001
231708319,16480,,0.1277780156701737,0.1277780156701737,False,0,25.37911829188033,,,,,,,,,,,,,
231715395,16455,,0.1388906958084135,0.1388906958084135,False,8,25.378020107740895,0.7289752921296342,0.0059940059940059,0.15,0.1198801198801198,0.4166720874252405,0.0599400599400599,0.3,0.1198801198801198,0.4166720874252405,0.1478521478521478,0.6000000000000001,0.1478521478521478,0.6000000000000001
231825380,28722,,0.0097222074464298,0.0097222074464298,False,27,52.38333322767448,0.367449670011294,0.9470529470529472,0.15,0.9470529470529472,0.15,0.954045954045954,0.3,0.954045954045954,0.3,0.944055944055944,0.6000000000000001,0.944055944055944,0.6000000000000001
231831114,33036,,0.0111111956048262,0.0111111956048262,False,33,53.71690186755518,0.4215478266027275,0.3036963036963037,0.15,0.3036963036963037,0.15,0.3276723276723277,0.3,0.3276723276723277,0.3,0.3506493506493506,0.6000000000000001,0.3506493506493506,0.6000000000000001
231831315,32727,,0.0111112061990752,0.0111112061990752,False,36,53.286399817200845,0.3741589544807508,0.6393606393606394,0.15,0.6393606393606394,0.15,0.7002997002997003,0.3,0.7002997002997003,0.3,0.6723276723276723,0.6000000000000001,0.6723276723276723,0.6000000000000001
231832497,32908,,0.0111111786081892,0.0111111786081892,False,16,53.53766383685365,0.5221595154586588,0.0419580419580419,0.15,0.0419580419580419,0.15,0.2857142857142857,0.3,0.2857142857142857,0.3,0.5754245754245755,0.6000000000000001,0.5754245754245755,0.6000000000000001
231833204,33034,,0.044444660418776,0.044444660418776,False,56,53.7167274988235,0.226411751906927,0.8671328671328671,0.15,0.8671328671328671,0.15,0.7982017982017982,0.3,0.7982017982017982,0.3,0.99000999000999,0.6000000000000001,0.99000999000999,0.6000000000000001
231839537,33037,,0.0111112323929774,0.0111112323929774,False,13,53.71707651172551,0.6247488742215033,0.0449550449550449,0.15,0.0449550449550449,0.15,0.2977022977022977,0.3,0.2977022977022977,0.3,0.5454545454545454,0.6000000000000001,0.5454545454545454,0.6000000000000001
231840159,33034,,0.0111112116701406,0.0111112116701406,False,5,53.7169808329993,0.8990113113128771,0.0529470529470529,0.15,0.0529470529470529,0.15,0.2317682317682317,0.3,0.2317682317682317,0.3,0.3706293706293706,0.6000000000000001,0.3706293706293706,0.6000000000000001
231840839,28624,,0.0097222188564956,0.0097222188564956,False,18,52.28060838118313,0.5964118184599535,0.1278721278721278,0.15,0.1278721278721278,0.15,0.2777222777222777,0.3,0.2777222777222777,0.3,0.3566433566433566,0.6000000000000001,0.3566433566433566,0.6000000000000001
231845790,32552,,0.0111111983991349,0.0111111983991349,False,31,53.04192758030172,0.4781711568283087,0.0319680319680319,0.15,0.0319680319680319,0.15,0.0409590409590409,0.3,0.0409590409590409,0.3,0.0609390609390609,0.6000000000000001,0.0609390609390609,0.6000000000000001
231853796,33033,,0.0111112379806854,0.0111112379806854,False,31,53.717092726982855,0.3911616960573265,0.6403596403596403,0.15,0.6403596403596403,0.15,0.6663336663336663,0.3,0.6663336663336663,0.3,0.6743256743256744,0.6000000000000001,0.6743256743256744,0.6000000000000001
231862051,16544,0.0055555391627422,0.0055555391627422,0.0055555391627422,True,13,24.904083334175994,0.6198438020808038,0.2167832167832167,0.15,0.2167832167832167,0.15,0.2117882117882117,0.3,0.2117882117882117,0.3,0.2057942057942058,0.6000000000000001,0.2057942057942058,0.6000000000000001
231867105,33032,,0.0111111144636879,0.0111111144636879,False,28,53.71646901722784,0.4293035593505387,0.3136863136863136,0.15,0.3136863136863136,0.15,0.3616383616383616,0.3,0.3616383616383616,0.3,0.3866133866133866,0.6000000000000001,0.3866133866133866,0.6000000000000001
231912935,33033,,0.0111110982816171,0.0111110982816171,False,31,53.716402562472695,0.3688465586324423,0.6863136863136863,0.15,0.6863136863136863,0.15,0.6933066933066933,0.3,0.6933066933066933,0.3,0.7282717282717283,0.6000000000000001,0.7282717282717283,0.6000000000000001
233959273,27662,0.0083332911502793,0.0083332911502793,0.0083332911502793,True,23,49.603742270759085,0.4491966383540671,0.5034965034965035,0.15,0.5034965034965035,0.15,0.5304695304695305,0.3,0.5304695304695305,0.3,0.6003996003996004,0.6000000000000001,0.6003996003996004,0.6000000000000001
233959314,44156,,0.0152778698936799,0.0152778698936799,False,45,78.41675277828449,0.3349306089617239,0.7682317682317682,0.15,0.7682317682317682,0.15,0.8281718281718282,0.3,0.8281718281718282,0.3,0.8351648351648352,0.6000000000000001,0.8351648351648352,0.6000000000000001
233961272,44148,,0.0152778709411904,0.0152778709411904,False,17,78.41675438528159,0.6492694681237217,0.0099900099900099,0.15,0.0099900099900099,0.15,0.0879120879120879,0.3,0.0879120879120879,0.3,0.1748251748251748,0.6000000000000001,0.1748251748251748,0.6000000000000001
234497476,33030,,0.0111111617279675,0.0111111617279675,False,11,53.71665725288699,0.9507209517877172,0.0019980019980019,0.15,0.0019980019980019,0.15,0.0129870129870129,0.3,0.0129870129870129,0.3,0.0089910089910089,0.6000000000000001,0.0089910089910089,0.6000000000000001
234504902,33035,,0.011111164406202,0.011111164406202,False,33,53.7167037861866,0.3553495104572266,0.7562437562437563,0.15,0.7562437562437563,0.15,0.7632367632367633,0.3,0.7632367632367633,0.3,0.7952047952047953,0.6000000000000001,0.7952047952047953,0.6000000000000001
234525922,16489,,0.0055556529774776,0.0055556529774776,False,12,25.380956981077816,0.5928068734557346,0.3216783216783216,0.15,0.3216783216783216,0.15,0.3336663336663337,0.3,0.3336663336663337,0.3,0.3496503496503496,0.6000000000000001,0.3496503496503496,0.6000000000000001
237340658,11194,,0.3555591967742657,0.3555591967742657,False,3,17.777955069340805,0.9459746052092446,0.1218781218781218,0.15,0.4495504495504495,1.0666775903227972,0.3186813186813186,0.3,0.4495504495504495,1.0666775903227972,0.4155844155844156,0.6000000000000001,0.4495504495504495,1.0666775903227972
237356492,11193,,0.0027778162311733,0.0027778162311733,False,5,17.77662924354263,0.8120446977103166,0.2807192807192807,0.15,0.2807192807192807,0.15,0.5244755244755245,0.3,0.5244755244755245,0.3,0.5504495504495505,0.6000000000000001,0.5504495504495505,0.6000000000000001
237356930,11192,0.0027778091289292,0.0027778091289292,0.0027778091289292,True,7,17.77658416147642,0.6586205547585208,0.2477522477522477,0.15,0.2477522477522477,0.15,0.5494505494505495,0.3,0.5494505494505495,0.3,0.6923076923076923,0.6000000000000001,0.6923076923076923,0.6000000000000001
237356985,11194,0.0027778080825555,0.0027778080825555,0.0027778080825555,True,7,17.777966524492058,0.7496777911804744,0.2747252747252747,0.15,0.2747252747252747,0.15,0.3226773226773227,0.3,0.3226773226773227,0.3,0.3386613386613387,0.6000000000000001,0.3386613386613387,0.6000000000000001
237358181,11124,,0.0027778146020409,0.0027778146020409,False,12,17.778007896751205,0.4878345807704962,0.8051948051948052,0.15,0.8051948051948052,0.15,0.7532467532467533,0.3,0.7532467532467533,0.3,0.7042957042957043,0.6000000000000001,0.7042957042957043,0.6000000000000001
237879824,33035,,0.0111111965361487,0.0111111965361487,False,25,53.71685361247296,0.4804667550489573,0.1848151848151848,0.15,0.1848151848151848,0.15,0.2197802197802197,0.3,0.2197802197802197,0.3,0.2357642357642357,0.6000000000000001,0.2357642357642357,0.6000000000000001
237883766,33032,,0.0111112089936113,0.0111112089936113,False,15,53.71691105086143,0.5426261474219826,0.1348651348651348,0.15,0.1348651348651348,0.15,0.3646353646353646,0.3,0.3646353646353646,0.3,0.5054945054945055,0.6000000000000001,0.5054945054945055,0.6000000000000001
237886259,16489,,0.0055556553062388,0.0055556553062388,False,13,25.38097559402513,0.5956678584205334,0.1888111888111888,0.15,0.1888111888111888,0.15,0.2877122877122877,0.3,0.2877122877122877,0.3,0.4115884115884116,0.6000000000000001,0.4115884115884116,0.6000000000000001
237886434,33034,,0.0111112321599193,0.0111112321599193,False,12,53.71700418381738,0.6757551186798609,0.0129870129870129,0.15,0.0129870129870129,0.15,0.1598401598401598,0.3,0.1598401598401598,0.3,0.3156843156843157,0.6000000000000001,0.3156843156843157,0.6000000000000001
237906842,32552,,0.0111111472932634,0.0111111472932634,False,29,53.03612468795495,0.3739686820406336,0.5594405594405595,0.15,0.5594405594405595,0.15,0.6123876123876124,0.3,0.6123876123876124,0.3,0.6343656343656343,0.6000000000000001,0.6343656343656343,0.6000000000000001
237912376,32767,0.0111111779103794,0.0111111779103794,0.0111111779103794,True,30,53.33904245402732,0.4969010441362811,0.0729270729270729,0.15,0.0729270729270729,0.15,0.0789210789210789,0.3,0.0789210789210789,0.3,0.0869130869130869,0.6000000000000001,0.0869130869130869,0.6000000000000001
240764987,16544,0.0666660983633846,0.0666660983633846,0.0666660983633846,True,45,24.902399871064972,0.9860400343316508,0.0009990009990009,0.15,0.0009990009990009,0.1999982950901537,0.0009990009990009,0.3,0.0009990009990009,0.3,0.0009990009990009,0.6000000000000001,0.0009990009990009,0.6000000000000001
240849795,16545,,0.005555513784202,0.005555513784202,False,14,24.903813528861978,0.6442197764613864,0.1038961038961039,0.15,0.1038961038961039,0.15,0.1008991008991009,0.3,0.1008991008991009,0.3,0.1118881118881118,0.6000000000000001,0.1118881118881118,0.6000000000000001
241393007,11209,,0.0027778295027474,0.0027778295027474,False,15,17.776664262553822,0.492031208071194,0.8231768231768232,0.15,0.8231768231768232,0.15,0.8611388611388612,0.3,0.8611388611388612,0.3,0.8491508491508492,0.6000000000000001,0.8491508491508492,0.6000000000000001
241393039,11210,,0.0333339624107793,0.0333339624107793,False,26,17.7752791484113,0.3682206377366562,0.966033966033966,0.15,0.966033966033966,0.15,0.7012987012987013,0.3,0.7012987012987013,0.3,0.3276723276723277,0.6000000000000001,0.3276723276723277,0.6000000000000001
241444142,11170,,0.0027778250787378,0.0027778250787378,False,8,17.775250845518258,0.6136498257213413,0.5874125874125874,0.15,0.5874125874125874,0.15,0.6213786213786214,0.3,0.6213786213786214,0.3,0.6333666333666333,0.6000000000000001,0.6333666333666333,0.6000000000000001
241577342,11213,,0.0027778315982232,0.0027778315982232,False,2,17.77667754135109,0.8968136817415612,0.4105894105894105,0.15,0.4105894105894105,0.15,0.5824175824175825,0.3,0.5824175824175825,0.3,0.5644355644355644,0.6000000000000001,0.5644355644355644,0.6000000000000001
241765380,11214,,0.0027778357895158,0.0027778357895158,False,11,17.77809233813923,0.5363040445683824,0.6873126873126874,0.15,0.6873126873126874,0.15,0.7092907092907093,0.3,0.7092907092907093,0.3,0.7022977022977023,0.6000000000000001,0.7022977022977023,0.6000000000000001
24186466,11188,,0.0027777668701673,0.0027777668701673,False,11,17.776284827767086,0.5670556794969523,0.5044955044955045,0.15,0.5044955044955045,0.15,0.5504495504495505,0.3,0.5504495504495505,0.3,0.5364635364635365,0.6000000000000001,0.5364635364635365,0.6000000000000001
24225968,11139,,0.0027777678023994,0.0027777678023994,False,10,17.776295144958567,0.7245936460811392,0.2267732267732267,0.15,0.2267732267732267,0.15,0.2577422577422577,0.3,0.2577422577422577,0.3,0.2477522477522477,0.6000000000000001,0.2477522477522477,0.6000000000000001
24251461,11132,,0.0027777738557688,0.0027777738557688,False,12,17.776330192955356,0.6667350390437295,0.1988011988011988,0.15,0.1988011988011988,0.15,0.2937062937062937,0.3,0.2937062937062937,0.3,0.3746253746253746,0.6000000000000001,0.3746253746253746,0.6000000000000001
24251953,11140,,0.0027777794437042,0.0027777794437042,False,9,17.776364003224444,0.6721318035548879,0.3656343656343656,0.15,0.3656343656343656,0.15,0.3506493506493506,0.3,0.3506493506493506,0.3,0.4185814185814185,0.6000000000000001,0.4185814185814185,0.6000000000000001
24269255,11211,,0.002777778512609,0.002777778512609,False,8,17.774966684565243,0.6948516948015702,0.3396603396603396,0.15,0.3396603396603396,0.15,0.3546453546453546,0.3,0.3546453546453546,0.3,0.3906093906093906,0.6000000000000001,0.3906093906093906,0.6000000000000001
24270027,11211,,0.0027777813065767,0.0027777813065767,False,12,17.776371255898994,0.6494529172384738,0.2047952047952048,0.15,0.2047952047952048,0.15,0.2307692307692307,0.3,0.2307692307692307,0.3,0.2387612387612387,0.6000000000000001,0.2387612387612387,0.6000000000000001
246820769,16545,,0.0055556376506729,0.0055556376506729,False,18,24.904419800300275,0.4494754770477358,0.7462537462537463,0.15,0.7462537462537463,0.15,0.7272727272727273,0.3,0.7272727272727273,0.3,0.7112887112887113,0.6000000000000001,0.7112887112887113,0.6000000000000001
246822906,16546,,0.0055556423083089,0.0055556423083089,False,15,24.90444058742014,0.6265976683309499,0.1498501498501498,0.15,0.1498501498501498,0.15,0.1878121878121878,0.3,0.1878121878121878,0.3,0.1838161838161838,0.6000000000000001,0.1838161838161838,0.6000000000000001
246848176,16546,,0.0055556641927978,0.0055556641927978,False,3,24.904533530153454,0.8893695651712724,0.1308691308691308,0.15,0.1308691308691308,0.15,0.3386613386613387,0.3,0.3386613386613387,0.3,0.4475524475524475,0.6000000000000001,0.4475524475524475,0.6000000000000001
246848355,16542,,0.0055556586062266,0.0055556586062266,False,5,24.904511268749957,0.8709020469659523,0.0099900099900099,0.15,0.0099900099900099,0.15,0.1078921078921078,0.3,0.1078921078921078,0.3,0.2267732267732267,0.6000000000000001,0.2267732267732267,0.6000000000000001
246851853,16545,,0.0055556604675075,0.0055556604675075,False,18,24.904519240405538,0.5524009150046377,0.1808191808191808,0.15,0.1808191808191808,0.15,0.1978021978021978,0.3,0.1978021978021978,0.3,0.2287712287712287,0.6000000000000001,0.2287712287712287,0.6000000000000001
246854655,16546,,0.0055556548800268,0.0055556548800268,False,13,24.904498695429535,0.6366596445790327,0.1038961038961039,0.15,0.1038961038961039,0.15,0.1168831168831168,0.3,0.1168831168831168,0.3,0.1168831168831168,0.6000000000000001,0.1168831168831168,0.6000000000000001
246861224,16544,,0.0166669911786812,0.0166669911786812,False,3,24.9045374449679,0.9999999261659804,0.0049950049950049,0.15,0.0049950049950049,0.15,0.0319680319680319,0.3,0.0319680319680319,0.3,0.0569430569430569,0.6000000000000001,0.0569430569430569,0.6000000000000001
246862277,16545,,0.0055556660572619,0.0055556660572619,False,16,24.9045500834809,0.4746308990196545,0.4105894105894105,0.15,0.4105894105894105,0.15,0.4655344655344655,0.3,0.4655344655344655,0.3,0.4935064935064935,0.6000000000000001,0.4935064935064935,0.6000000000000001
246862438,16545,,0.0055556711781719,0.0055556711781719,False,10,24.904570647083347,0.6593783368347449,0.0889110889110889,0.15,0.0889110889110889,0.15,0.1428571428571428,0.3,0.1428571428571428,0.3,0.1848151848151848,0.6000000000000001,0.1848151848151848,0.6000000000000001
246883482,16546,0.0055556669872203,0.0055556669872203,0.0055556669872203,True,14,24.904554780606304,0.5720206327015496,0.2987012987012987,0.15,0.2987012987012987,0.15,0.3206793206793207,0.3,0.3206793206793207,0.3,0.3006993006993007,0.6000000000000001,0.3006993006993007,0.6000000000000001
24696180,33026,,0.0111110862910663,0.0111110862910663,False,32,53.716366959894685,0.4049421372889644,0.3066933066933067,0.15,0.3066933066933067,0.15,0.4015984015984016,0.3,0.4015984015984016,0.3,0.4125874125874126,0.6000000000000001,0.4125874125874126,0.6000000000000001
248380067,11213,,0.0027777999325735,0.0027777999325735,False,9,17.776483063502383,0.5911802088226786,0.7302697302697303,0.15,0.7302697302697303,0.15,0.8091908091908092,0.3,0.8091908091908092,0.3,0.8471528471528471,0.6000000000000001,0.8471528471528471,0.6000000000000001
248392812,11161,,0.0027778073841773,0.0027778073841773,False,10,17.775144006055143,0.6769867131040714,0.2467532467532467,0.15,0.2467532467532467,0.15,0.2827172827172827,0.3,0.2827172827172827,0.3,0.3046953046953047,0.6000000000000001,0.3046953046953047,0.6000000000000001
248945311,11154,0.0027778073840636,0.0027778073840636,0.0027778073840636,True,12,17.77653382430799,0.5619201255304532,0.3506493506493506,0.15,0.3506493506493506,0.15,0.3356643356643357,0.3,0.3356643356643357,0.3,0.2687312687312687,0.6000000000000001,0.2687312687312687,0.6000000000000001
248945424,11139,,0.0027778059870797,0.0027778059870797,False,11,17.775137243256268,0.5572373443826125,0.5804195804195804,0.15,0.5804195804195804,0.15,0.4955044955044955,0.3,0.4955044955044955,0.3,0.4755244755244755,0.6000000000000001,0.4755244755244755,0.6000000000000001
248946014,11212,,0.0027778092469361,0.0027778092469361,False,9,17.775152929988053,0.6217591919940663,0.3796203796203796,0.15,0.3796203796203796,0.15,0.4715284715284715,0.3,0.4715284715284715,0.3,0.5004995004995005,0.6000000000000001,0.5004995004995005,0.6000000000000001
248947399,11158,,0.0194446467950228,0.0194446467950228,False,5,17.77513977272838,0.7980155993981146,0.4335664335664335,0.15,0.4335664335664335,0.15,0.5064935064935064,0.3,0.5064935064935064,0.3,0.5564435564435565,0.6000000000000001,0.5564435564435565,0.6000000000000001
248949078,11156,,0.0027778134362961,0.0027778134362961,False,13,17.776568386620056,0.5723045709490457,0.4585414585414585,0.15,0.4585414585414585,0.15,0.4595404595404595,0.3,0.4595404595404595,0.3,0.4275724275724276,0.6000000000000001,0.4275724275724276,0.6000000000000001
248949857,11154,,0.0027778078491564,0.0027778078491564,False,14,17.7765359039513,0.4136138212051969,0.973026973026973,0.15,0.973026973026973,0.15,0.965034965034965,0.3,0.965034965034965,0.3,0.949050949050949,0.6000000000000001,0.949050949050949,0.6000000000000001
248952191,11213,,0.0027778129713169,0.0027778129713169,False,8,17.77656226736508,0.6004337605607312,0.6033966033966034,0.15,0.6033966033966034,0.15,0.7102897102897103,0.3,0.7102897102897103,0.3,0.7192807192807192,0.6000000000000001,0.7192807192807192,0.6000000000000001
248952560,11141,0.3805607599530276,0.3805607599530276,0.3805607599530276,True,3,17.776585449846607,0.90992843850264,0.2957042957042957,0.15,0.5514485514485514,1.1416822798590829,0.4885114885114885,0.3,0.5514485514485514,1.1416822798590829,0.4925074925074925,0.6000000000000001,0.5514485514485514,1.1416822798590829
248953025,11211,,0.0027778180938184,0.0027778180938184,False,10,17.77520567637339,0.609546657893968,0.5554445554445554,0.15,0.5554445554445554,0.15,0.6123876123876124,0.3,0.6123876123876124,0.3,0.6903096903096904,0.6000000000000001,0.6903096903096904,0.6000000000000001
248955543,11175,,0.0027778162311733,0.0027778162311733,False,7,17.77658540700577,0.9561757550254544,0.0149850149850149,0.15,0.0149850149850149,0.15,0.0269730269730269,0.3,0.0269730269730269,0.3,0.0199800199800199,0.6000000000000001,0.0199800199800199,0.6000000000000001
248956869,11200,,0.0027778180945006,0.0027778180945006,False,7,17.776596460407745,0.6475223542026798,0.3866133866133866,0.15,0.3866133866133866,0.15,0.4495504495504495,0.3,0.4495504495504495,0.3,0.5044955044955045,0.6000000000000001,0.5044955044955045,0.6000000000000001
248959076,11199,,0.002777819025141,0.002777819025141,False,7,17.776600930290442,0.7240191909497821,0.2507492507492507,0.15,0.2507492507492507,0.15,0.3836163836163836,0.3,0.3836163836163836,0.3,0.4745254745254745,0.6000000000000001,0.4745254745254745,0.6000000000000001
248962024,11203,,0.0027778208884683,0.0027778208884683,False,9,17.776612800462317,0.6173920544353391,0.5244755244755245,0.15,0.5244755244755245,0.15,0.5144855144855145,0.3,0.5144855144855145,0.3,0.5104895104895105,0.6000000000000001,0.5104895104895105,0.6000000000000001
248962582,11151,,0.0027778143685281,0.0027778143685281,False,10,17.776575802276056,0.6707069366691027,0.1968031968031968,0.15,0.1968031968031968,0.15,0.2607392607392607,0.3,0.2607392607392607,0.3,0.3376623376623376,0.6000000000000001,0.3376623376623376,0.6000000000000001
248986951,11161,,0.0027778260100603,0.0027778260100603,False,5,17.77525724836096,0.7568248685993499,0.3086913086913087,0.15,0.3086913086913087,0.15,0.3886113886113886,0.3,0.3886113886113886,0.3,0.3736263736263736,0.6000000000000001,0.3736263736263736,0.6000000000000001
248987739,11212,,0.0027778180935911,0.0027778180935911,False,12,17.776593801481795,0.6814375301806201,0.1748251748251748,0.15,0.1748251748251748,0.15,0.1768231768231768,0.3,0.1768231768231768,0.3,0.2377622377622377,0.6000000000000001,0.2377622377622377,0.6000000000000001
251821926,16543,,0.0055556106408403,0.0055556106408403,False,8,24.90431127886859,0.7235203379105346,0.1228771228771228,0.15,0.1228771228771228,0.15,0.2087912087912088,0.3,0.2087912087912088,0.3,0.2577422577422577,0.6000000000000001,0.2577422577422577,0.6000000000000001
251828729,16545,,0.0055556315960529,0.0055556315960529,False,6,24.904400989912578,0.7350151991209974,0.1788211788211788,0.15,0.1788211788211788,0.15,0.3366633366633366,0.3,0.3366633366633366,0.3,0.4465534465534465,0.6000000000000001,0.4465534465534465,0.6000000000000001
251828912,16545,,0.005555626475143,0.005555626475143,False,8,24.904381417703007,0.701203270495413,0.1348651348651348,0.15,0.1348651348651348,0.15,0.1818181818181818,0.3,0.1818181818181818,0.3,0.2367632367632367,0.6000000000000001,0.2367632367632367,0.6000000000000001
251840720,16544,,0.0055556348575009,0.0055556348575009,False,18,24.90441694393394,0.4698780923768093,0.3916083916083916,0.15,0.3916083916083916,0.15,0.3706293706293706,0.3,0.3706293706293706,0.3,0.4315684315684315,0.6000000000000001,0.4315684315684315,0.6000000000000001
251841265,16545,0.0055556190250172,0.0055556190250172,0.0055556190250172,True,20,24.90435239722592,0.4358414106294768,0.7202797202797203,0.15,0.7202797202797203,0.15,0.6843156843156843,0.3,0.6843156843156843,0.3,0.6773226773226774,0.6000000000000001,0.6773226773226774,0.6000000000000001
251844875,16544,,0.0055556432389494,0.0055556432389494,False,18,24.90445249763889,0.5887329610093338,0.0759240759240759,0.15,0.0759240759240759,0.15,0.0749250749250749,0.3,0.0749250749250749,0.3,0.0869130869130869,0.6000000000000001,0.0869130869130869,0.6000000000000001
251845125,16545,,0.0055556362531206,0.0055556362531206,False,16,24.904422603115563,0.586037560835422,0.1648351648351648,0.15,0.1648351648351648,0.15,0.1728271728271728,0.3,0.1728271728271728,0.3,0.1688311688311688,0.6000000000000001,0.1688311688311688,0.6000000000000001
251845481,16545,0.005555625542911,0.005555625542911,0.005555625542911,True,12,24.90437838066009,0.5123387436069766,0.7412587412587412,0.15,0.7412587412587412,0.15,0.7822177822177823,0.3,0.7822177822177823,0.3,0.8191808191808192,0.6000000000000001,0.8191808191808192,0.6000000000000001
251846711,16545,0.0055556446350237,0.0055556446350237,0.0055556446350237,True,21,24.90445783877385,0.3579432119032217,0.982017982017982,0.15,0.982017982017982,0.15,0.976023976023976,0.3,0.976023976023976,0.3,0.984015984015984,0.6000000000000001,0.984015984015984,0.6000000000000001
251848060,16544,,0.0777786989274318,0.0777786989274318,False,8,24.902974340631317,0.7061946352854765,0.3306693306693307,0.15,0.5784215784215784,0.2333360967822955,0.5864135864135864,0.3,0.5864135864135864,0.3,0.6683316683316683,0.6000000000000001,0.6683316683316683,0.6000000000000001
251848320,16545,0.005555629268656,0.005555629268656,0.005555629268656,True,17,24.904396234579508,0.4938360733493799,0.4075924075924076,0.15,0.4075924075924076,0.15,0.4015984015984016,0.3,0.4015984015984016,0.3,0.4895104895104895,0.6000000000000001,0.4895104895104895,0.6000000000000001
251853202,16544,0.0055556520860591,0.0055556520860591,0.0055556520860591,True,15,24.904493452083443,0.5710883632835364,0.0989010989010989,0.15,0.0989010989010989,0.15,0.1348651348651348,0.3,0.1348651348651348,0.3,0.1688311688311688,0.6000000000000001,0.1688311688311688,0.6000000000000001
251879885,16542,0.0055556576735398,0.0055556576735398,0.0055556576735398,True,13,24.90452277291206,0.643766018547538,0.1038961038961039,0.15,0.1038961038961039,0.15,0.1138861138861138,0.3,0.1138861138861138,0.3,0.1238761238761238,0.6000000000000001,0.1238761238761238,0.6000000000000001
251881536,16545,0.0055556455679379,0.0055556455679379,0.0055556455679379,True,11,24.904475036110853,0.6763578070900585,0.1338661338661338,0.15,0.1338661338661338,0.15,0.1838161838161838,0.3,0.1838161838161838,0.3,0.1958041958041958,0.6000000000000001,0.1958041958041958,0.6000000000000001
251882735,16544,0.0055556548795721,0.0055556548795721,0.0055556548795721,True,12,24.90451272021619,0.5773735442719733,0.3116883116883117,0.15,0.3116883116883117,0.15,0.3326673326673326,0.3,0.3326673326673326,0.3,0.3946053946053946,0.6000000000000001,0.3946053946053946,0.6000000000000001
251884959,16545,,0.0055556544143655,0.0055556544143655,False,7,24.90451279611898,0.8992855209331693,0.0479520479520479,0.15,0.0479520479520479,0.15,0.1078921078921078,0.3,0.1078921078921078,0.3,0.1528471528471528,0.6000000000000001,0.1528471528471528,0.6000000000000001
251885366,16544,,0.0055556404440721,0.0055556404440721,False,6,24.904453976113473,0.9131099278855912,0.0409590409590409,0.15,0.0409590409590409,0.15,0.1528471528471528,0.3,0.1528471528471528,0.3,0.2247752247752247,0.6000000000000001,0.2247752247752247,0.6000000000000001
251885542,16544,,0.0055556432398589,0.0055556432398589,False,13,24.904467521269,0.6292836338892004,0.2257742257742257,0.15,0.2257742257742257,0.15,0.2447552447552447,0.3,0.2447552447552447,0.3,0.2937062937062937,0.6000000000000001,0.2937062937062937,0.6000000000000001
251886567,16546,,0.0055556707129653,0.0055556707129653,False,14,24.90597075646201,0.5611092171161999,0.3466533466533466,0.15,0.3466533466533466,0.15,0.3846153846153846,0.3,0.3846153846153846,0.3,0.4045954045954046,0.6000000000000001,0.4045954045954046,0.6000000000000001
251886984,16545,,0.005555657208788,0.005555657208788,False,11,24.904525371767704,0.6393759503032852,0.2367632367632367,0.15,0.2367632367632367,0.15,0.2007992007992008,0.3,0.2007992007992008,0.3,0.2037962037962038,0.6000000000000001,0.2037962037962038,0.6000000000000001
251887089,16544,,0.0055556544139108,0.0055556544139108,False,16,24.904512947458898,0.4525216951164756,0.7402597402597403,0.15,0.7402597402597403,0.15,0.7182817182817183,0.3,0.7182817182817183,0.3,0.7082917082917083,0.6000000000000001,0.7082917082917083,0.6000000000000001
254302983,16545,,0.0055556758356942,0.0055556758356942,False,16,24.90458502204729,0.5327860437575846,0.3686313686313686,0.15,0.3686313686313686,0.15,0.3296703296703296,0.3,0.3296703296703296,0.3,0.3596403596403596,0.6000000000000001,0.3596403596403596,0.6000000000000001
254304085,16545,,0.0055556725751557,0.0055556725751557,False,16,24.90457073229936,0.5767875545960004,0.1988011988011988,0.15,0.1988011988011988,0.15,0.2077922077922078,0.3,0.2077922077922078,0.3,0.2197802197802197,0.6000000000000001,0.2197802197802197,0.6000000000000001
257735550,33022,0.0111112237786983,0.0111112237786983,0.0111112237786983,True,14,53.71562468353909,0.5985666647611738,0.0329670329670329,0.15,0.0329670329670329,0.15,0.1538461538461538,0.3,0.1538461538461538,0.3,0.2717282717282717,0.6000000000000001,0.2717282717282717,0.6000000000000001
259389138,11138,,0.0027778258988746,0.0027778258988746,False,12,17.77807936004274,0.4747103481983133,0.94005994005994,0.15,0.94005994005994,0.15,0.918081918081918,0.3,0.918081918081918,0.3,0.926073926073926,0.6000000000000001,0.926073926073926,0.6000000000000001
259408567,11193,,0.0027778213540159,0.0027778213540159,False,5,17.776661289537515,0.9274659512641148,0.0959040959040959,0.15,0.0959040959040959,0.15,0.1528471528471528,0.3,0.1528471528471528,0.3,0.1588411588411588,0.6000000000000001,0.1588411588411588,0.6000000000000001
259472825,11194,,0.0027778233322806,0.0027778233322806,False,10,17.778062338027212,0.6173919996265906,0.4705294705294705,0.15,0.4705294705294705,0.15,0.4535464535464535,0.3,0.4535464535464535,0.3,0.4315684315684315,0.6000000000000001,0.4315684315684315,0.6000000000000001
259472888,11194,,0.0027778240308862,0.0027778240308862,False,10,17.77806690395255,0.7800138912705766,0.0669330669330669,0.15,0.0669330669330669,0.15,0.1388611388611388,0.3,0.1388611388611388,0.3,0.1508491508491508,0.6000000000000001,0.1508491508491508,0.6000000000000001
259477227,11079,,0.0027778220573964,0.0027778220573964,False,10,17.778053907928097,0.633061529968963,0.4035964035964036,0.15,0.4035964035964036,0.15,0.4255744255744256,0.3,0.4255744255744256,0.3,0.4285714285714285,0.6000000000000001,0.4285714285714285,0.6000000000000001
259592530,11181,,0.0833346790034283,0.0833346790034283,False,1,17.778057179082225,,,,,,,,,,,,,
260266449,43902,,0.0138890386535877,0.0138890386535877,False,30,78.4188088660917,0.4259167705495943,0.2317682317682317,0.15,0.2317682317682317,0.15,0.4125874125874126,0.3,0.4125874125874126,0.3,0.5174825174825175,0.6000000000000001,0.5174825174825175,0.6000000000000001
260356438,43900,,0.4583377473113614,0.4583377473113614,False,5,78.4187224944078,0.932826024775998,0.0259740259740259,0.15,0.4575424575424575,1.3750132419340844,0.2717282717282717,0.3,0.4575424575424575,1.3750132419340844,0.4285714285714285,0.6000000000000001,0.4575424575424575,1.3750132419340844
260420562,43142,0.0138890257023831,0.0138890257023831,0.0138890257023831,True,48,78.41874031128782,0.3190841075561723,0.8941058941058941,0.15,0.8941058941058941,0.15,0.8851148851148851,0.3,0.8851148851148851,0.3,0.8831168831168831,0.6000000000000001,0.8831168831168831,0.6000000000000001
260420823,41172,,0.0138890168846046,0.0138890168846046,False,39,78.41870118302859,0.4749692863799372,0.0279720279720279,0.15,0.0279720279720279,0.15,0.0399600399600399,0.3,0.0399600399600399,0.3,0.0519480519480519,0.6000000000000001,0.0519480519480519,0.6000000000000001
260476107,40275,,0.0138890485491174,0.0138890485491174,False,35,78.41887646539863,0.3674915336356585,0.7512487512487512,0.15,0.7512487512487512,0.15,0.8271728271728271,0.3,0.8271728271728271,0.3,0.8361638361638362,0.6000000000000001,0.8361638361638362,0.6000000000000001
260476779,43671,,0.0138890202606489,0.0138890202606489,False,37,78.41871452999794,0.3885925071716689,0.3756243756243756,0.15,0.3756243756243756,0.15,0.4565434565434565,0.3,0.4565434565434565,0.3,0.4885114885114885,0.6000000000000001,0.4885114885114885,0.6000000000000001
260507598,43893,,0.0138890314360651,0.0138890314360651,False,20,78.41877855193115,0.5663811303311828,0.0079920079920079,0.15,0.0079920079920079,0.15,0.0399600399600399,0.3,0.0399600399600399,0.3,0.1058941058941058,0.6000000000000001,0.1058941058941058,0.6000000000000001
260507876,40139,,0.0138890201433241,0.0138890201433241,False,43,78.41872008866949,0.321459590667317,0.908091908091908,0.15,0.908091908091908,0.15,0.8941058941058941,0.3,0.8941058941058941,0.3,0.8961038961038961,0.6000000000000001,0.8961038961038961,0.6000000000000001
260542381,41979,,0.0138890331822949,0.0138890331822949,False,21,78.41878898307505,0.5926855316026147,0.0039960039960039,0.15,0.0039960039960039,0.15,0.0299700299700299,0.3,0.0299700299700299,0.3,0.0519480519480519,0.6000000000000001,0.0519480519480519,0.6000000000000001
260604507,16494,,0.0055555722440203,0.0055555722440203,False,15,25.38064542468919,0.4742986692360745,0.8191808191808192,0.15,0.8191808191808192,0.15,0.8411588411588412,0.3,0.8411588411588412,0.3,0.8541458541458542,0.6000000000000001,0.8541458541458542,0.6000000000000001
260604509,8838,,0.0027778141214866,0.0027778141214866,False,7,17.777994381681765,0.6926157403813916,0.5064935064935064,0.15,0.5064935064935064,0.15,0.5774225774225774,0.3,0.5774225774225774,0.3,0.4955044955044955,0.6000000000000001,0.4955044955044955,0.6000000000000001
260750374,16490,,0.0055555064108148,0.0055555064108148,False,12,25.377500956407175,0.5956283400445558,0.2967032967032967,0.15,0.2967032967032967,0.15,0.4115884115884116,0.3,0.4115884115884116,0.3,0.5094905094905094,0.6000000000000001,0.5094905094905094,0.6000000000000001
260854590,16491,,0.0055555213124307,0.0055555213124307,False,14,25.378957521855227,0.5196999667075946,0.6653346653346653,0.15,0.6653346653346653,0.15,0.7062937062937062,0.3,0.7062937062937062,0.3,0.7342657342657343,0.6000000000000001,0.7342657342657343,0.6000000000000001
261543672,16487,,0.0055554776558892,0.0055554776558892,False,15,25.37738558020851,0.5118975373634007,0.5104895104895105,0.15,0.5104895104895105,0.15,0.6053946053946054,0.3,0.6053946053946054,0.3,0.6553446553446554,0.6000000000000001,0.6553446553446554,0.6000000000000001
261561216,16488,,0.4833289665975826,0.4833289665975826,False,2,25.377502038138346,1.0,0.0269730269730269,0.15,0.1698301698301698,1.449986899792748,0.1358641358641358,0.3,0.1698301698301698,1.449986899792748,0.1378621378621378,0.6000000000000001,0.1698301698301698,1.449986899792748
262531321,27551,,0.0083333859115555,0.0083333859115555,False,15,49.60420587880208,0.5255305532032134,0.4155844155844156,0.15,0.4155844155844156,0.15,0.4985014985014985,0.3,0.4985014985014985,0.3,0.5844155844155844,0.6000000000000001,0.5844155844155844,0.6000000000000001
262810040,11213,,0.0027778348575111,0.0027778348575111,False,8,17.776695716111135,0.7349477233710583,0.2937062937062937,0.15,0.2937062937062937,0.15,0.3396603396603396,0.3,0.3396603396603396,0.3,0.3306693306693307,0.6000000000000001,0.3306693306693307,0.6000000000000001
262820103,11211,0.0027778353223766,0.0027778353223766,0.0027778353223766,True,7,17.77530858192995,0.6480193785297501,0.5204795204795205,0.15,0.5204795204795205,0.15,0.6483516483516484,0.3,0.6483516483516484,0.3,0.7212787212787213,0.6000000000000001,0.7212787212787213,0.6000000000000001
262823544,16490,0.0055556208469624,0.0055556208469624,0.0055556208469624,True,8,25.379371176227323,0.8145735826080249,0.0559440559440559,0.15,0.0559440559440559,0.15,0.1058941058941058,0.3,0.1058941058941058,0.3,0.1488511488511488,0.6000000000000001,0.1488511488511488,0.6000000000000001
262824351,16488,0.0055556115335093,0.0055556115335093,0.0055556115335093,True,14,25.379332020399488,0.5222678849251277,0.4955044955044955,0.15,0.4955044955044955,0.15,0.5724275724275725,0.3,0.5724275724275725,0.3,0.6033966033966034,0.6000000000000001,0.6033966033966034,0.6000000000000001
262824477,16488,,0.005555609205885,0.005555609205885,False,12,25.379323065267272,0.6281761487111207,0.2647352647352647,0.15,0.2647352647352647,0.15,0.2667332667332667,0.3,0.2667332667332667,0.3,0.2947052947052947,0.6000000000000001,0.2947052947052947,0.6000000000000001
262829638,16491,0.1555573054838532,0.1555573054838532,0.1555573054838532,True,2,25.37936044203616,1.0,0.0409590409590409,0.15,0.1028971028971029,0.4666719164515596,0.0789210789210789,0.3,0.1028971028971029,0.4666719164515596,0.0969030969030969,0.6000000000000001,0.0969030969030969,0.6000000000000001
265438551,16487,,0.0055554709038005,0.0055554709038005,False,9,25.377295738080875,0.7752324650524783,0.4005994005994006,0.15,0.4005994005994006,0.15,0.4265734265734265,0.3,0.4265734265734265,0.3,0.5274725274725275,0.6000000000000001,0.5274725274725275,0.6000000000000001
265468668,16489,,0.0055554667133037,0.0055554667133037,False,20,25.377281522140265,0.3870069978513804,0.954045954045954,0.15,0.954045954045954,0.15,0.936063936063936,0.3,0.936063936063936,0.3,0.952047952047952,0.6000000000000001,0.952047952047952,0.6000000000000001
265567103,16479,,0.0055555370270212,0.0055555370270212,False,10,25.377582882292927,0.6774426246355963,0.1368631368631368,0.15,0.1368631368631368,0.15,0.3876123876123876,0.3,0.3876123876123876,0.3,0.5844155844155844,0.6000000000000001,0.5844155844155844,0.6000000000000001
266640615,16389,,0.005555541684771,0.005555541684771,False,15,25.235890522186537,0.5546767607131029,0.3816183816183816,0.15,0.3816183816183816,0.15,0.4275724275724276,0.3,0.4275724275724276,0.3,0.4325674325674326,0.6000000000000001,0.4325674325674326,0.6000000000000001
266640848,16395,,0.0055555416849983,0.0055555416849983,False,9,25.25394597784907,0.6901040151978787,0.4315684315684315,0.15,0.4315684315684315,0.15,0.5524475524475524,0.3,0.5524475524475524,0.3,0.6433566433566433,0.6000000000000001,0.6433566433566433,0.6000000000000001
266680029,11001,,0.0027778083149314,0.0027778083149314,False,1,17.776548971338343,,,,,,,,,,,,,
266717622,11097,0.0027778027267686,0.0027778027267686,0.0027778027267686,True,9,17.77512135722145,0.7550383835172911,0.0989010989010989,0.15,0.0989010989010989,0.15,0.0909090909090909,0.3,0.0909090909090909,0.3,0.1278721278721278,0.6000000000000001,0.1278721278721278,0.6000000000000001
266723295,11159,,0.0027778036583185,0.0027778036583185,False,2,17.776514333589148,0.0,1.0,0.15,1.0,0.15,1.0,0.3,1.0,0.3,1.0,0.6000000000000001,1.0,0.6000000000000001
266735121,11242,,0.0027778045957802,0.0027778045957802,False,21,17.77651888170294,0.3560463721159546,0.964035964035964,0.15,0.964035964035964,0.15,0.9690309690309692,0.3,0.9690309690309692,0.3,0.966033966033966,0.6000000000000001,0.966033966033966,0.6000000000000001
266784171,11190,,0.0027778097164627,0.0027778097164627,False,6,17.776551157618087,0.910721799475967,0.0839160839160839,0.15,0.0839160839160839,0.15,0.1848151848151848,0.3,0.1848151848151848,0.3,0.2057942057942058,0.6000000000000001,0.2057942057942058,0.6000000000000001
266785297,11138,,0.3027824768306573,0.3027824768306573,False,0,17.776619492015016,,,,,,,,,,,,,
266787143,11087,,0.0027778199623753,0.0027778199623753,False,4,17.77661699467353,0.9559934253682518,0.1258741258741259,0.15,0.1258741258741259,0.15,0.2137862137862138,0.3,0.2137862137862138,0.3,0.2667332667332667,0.6000000000000001,0.2667332667332667,0.6000000000000001
266787510,11150,,0.0027778139076417,0.0027778139076417,False,11,17.776578804860037,0.6288544312032887,0.3316683316683316,0.15,0.3316683316683316,0.15,0.3116883116883117,0.3,0.3116883116883117,0.3,0.3586413586413586,0.6000000000000001,0.3586413586413586,0.6000000000000001
266788321,11130,,0.0027778167003589,0.0027778167003589,False,12,17.775206569511738,0.6953770298123803,0.1538461538461538,0.15,0.1538461538461538,0.15,0.1738261738261738,0.3,0.1738261738261738,0.3,0.1878121878121878,0.6000000000000001,0.1878121878121878,0.6000000000000001
266877446,11242,0.0027778232215496,0.0027778232215496,0.0027778232215496,True,5,17.77663820181988,0.8647911743269832,0.1968031968031968,0.15,0.1968031968031968,0.15,0.3736263736263736,0.3,0.3736263736263736,0.3,0.4315684315684315,0.6000000000000001,0.4315684315684315,0.6000000000000001
266905315,16490,,0.0055555179367274,0.0055555179367274,False,16,25.378959866226975,0.458002958112452,0.7902097902097902,0.15,0.7902097902097902,0.15,0.7952047952047953,0.3,0.7952047952047953,0.3,0.8051948051948052,0.6000000000000001,0.8051948051948052,0.6000000000000001
266966946,16486,,0.0055555044314132,0.0055555044314132,False,16,25.37751416093147,0.528219453392329,0.3376623376623376,0.15,0.3376623376623376,0.15,0.3506493506493506,0.3,0.3506493506493506,0.3,0.3796203796203796,0.6000000000000001,0.3796203796203796,0.6000000000000001
266968065,16490,0.0055555263180622,0.0055555263180622,0.0055555263180622,True,15,25.37899699898935,0.5722013501889457,0.3276723276723277,0.15,0.3276723276723277,0.15,0.3196803196803197,0.3,0.3196803196803197,0.3,0.3656343656343656,0.6000000000000001,0.3656343656343656,0.6000000000000001
266994265,16488,,0.0055556161908043,0.0055556161908043,False,17,25.379354479243375,0.4862375027795973,0.6723276723276723,0.15,0.6723276723276723,0.15,0.6833166833166833,0.3,0.6833166833166833,0.3,0.6673326673326674,0.6000000000000001,0.6673326673326674,0.6000000000000001
266994443,16488,,0.0055556213130785,0.0055556213130785,False,9,25.37937543679527,0.5765895120993536,0.3516483516483517,0.15,0.3516483516483517,0.15,0.6093906093906094,0.3,0.6093906093906094,0.3,0.6993006993006993,0.6000000000000001,0.6993006993006993,0.6000000000000001
267002000,16487,,0.0055555125807131,0.0055555125807131,False,10,25.37755054770446,0.5450467684125102,0.4665334665334665,0.15,0.4665334665334665,0.15,0.5014985014985015,0.3,0.5014985014985015,0.3,0.5214785214785215,0.6000000000000001,0.5214785214785215,0.6000000000000001
267040956,16169,,0.0055556315576268,0.0055556315576268,False,13,25.379433636539943,0.5874224007037869,0.1718281718281718,0.15,0.1718281718281718,0.15,0.2307692307692307,0.3,0.2307692307692307,0.3,0.2717282717282717,0.6000000000000001,0.2717282717282717,0.6000000000000001
267041899,16488,,0.0055556192182848,0.0055556192182848,False,18,25.3793762507712,0.4420745865069643,0.7212787212787213,0.15,0.7212787212787213,0.15,0.8511488511488512,0.3,0.8511488511488512,0.3,0.8231768231768232,0.6000000000000001,0.8231768231768232,0.6000000000000001
267046790,16489,,0.0055555004740881,0.0055555004740881,False,17,25.377500955475853,0.4361680401312903,0.7352647352647352,0.15,0.7352647352647352,0.15,0.6973026973026973,0.3,0.6973026973026973,0.3,0.5814185814185814,0.6000000000000001,0.5814185814185814,0.6000000000000001
267090033,16485,,0.0055555207302404,0.0055555207302404,False,6,25.378976301742114,0.7547139343547803,0.1838161838161838,0.15,0.1838161838161838,0.15,0.3426573426573426,0.3,0.3426573426573426,0.3,0.4855144855144855,0.6000000000000001,0.4855144855144855,0.6000000000000001
267183401,16487,,0.0055555139783791,0.0055555139783791,False,10,25.37755885067804,0.6593508263424971,0.3016983016983017,0.15,0.3016983016983017,0.15,0.3276723276723277,0.3,0.3276723276723277,0.3,0.3536463536463536,0.6000000000000001,0.3536463536463536,0.6000000000000001
267188864,16486,,0.0055555402877871,0.0055555402877871,False,14,25.379060865599055,0.6444875368049114,0.0609390609390609,0.15,0.0609390609390609,0.15,0.1228771228771228,0.3,0.1228771228771228,0.3,0.1868131868131868,0.6000000000000001,0.1868131868131868,0.6000000000000001
267320484,16491,0.0055555426159799,0.0055555426159799,0.0055555426159799,True,14,25.379072697819534,0.5220979471193654,0.3776223776223776,0.15,0.3776223776223776,0.15,0.4705294705294705,0.3,0.4705294705294705,0.3,0.5294705294705294,0.6000000000000001,0.5294705294705294,0.6000000000000001
267324071,16465,,0.2499975842033563,0.2499975842033563,False,6,25.376118090241107,0.7209675788555098,0.1408591408591408,0.15,0.7252747252747253,0.7499927526100691,0.5334665334665335,0.3,0.7252747252747253,0.7499927526100691,0.6863136863136863,0.6000000000000001,0.7252747252747253,0.7499927526100691
267324084,16489,,0.005555501172239,0.005555501172239,False,14,25.37750574247389,0.4867879133553223,0.6883116883116883,0.15,0.6883116883116883,0.15,0.7052947052947053,0.3,0.7052947052947053,0.3,0.7172827172827173,0.6000000000000001,0.7172827172827173,0.6000000000000001
267492210,16486,,0.0055555314399953,0.0055555314399953,False,4,25.3790260199321,0.9661937094921382,0.0259740259740259,0.15,0.0259740259740259,0.15,0.0989010989010989,0.3,0.0989010989010989,0.3,0.1818181818181818,0.6000000000000001,0.1818181818181818,0.6000000000000001
268751690,8982,,0.0027778120406765,0.0027778120406765,False,9,17.775258857686367,0.5849978974197836,0.6543456543456544,0.15,0.6543456543456544,0.15,0.6903096903096904,0.3,0.6903096903096904,0.3,0.6853146853146853,0.6000000000000001,0.6853146853146853,0.6000000000000001
268765642,10915,,0.0027778264754942,0.0027778264754942,False,11,17.77666158081047,0.6155174236225793,0.4375624375624375,0.15,0.4375624375624375,0.15,0.5294705294705294,0.3,0.5294705294705294,0.3,0.5974025974025974,0.6000000000000001,0.5974025974025974,0.6000000000000001
268765670,8996,,0.0027778143689829,0.0027778143689829,False,5,17.776660921434086,0.9451525902212,0.2427572427572427,0.15,0.2427572427572427,0.15,0.2697302697302697,0.3,0.2697302697302697,0.3,0.2527472527472527,0.6000000000000001,0.2527472527472527,0.6000000000000001
268769168,11130,0.00277782415219,0.00277782415219,0.00277782415219,True,10,17.77525559246942,0.6118718677129521,0.4705294705294705,0.15,0.4705294705294705,0.15,0.5474525474525475,0.3,0.5474525474525475,0.3,0.5714285714285714,0.6000000000000001,0.5714285714285714,0.6000000000000001
268785978,11216,,0.0027778288092576,0.0027778288092576,False,10,17.778062743036116,0.537030084247951,0.7452547452547452,0.15,0.7452547452547452,0.15,0.7722277722277723,0.3,0.7722277722277723,0.3,0.7752247752247752,0.6000000000000001,0.7752247752247752,0.6000000000000001
269847768,11186,,0.0027777393968335,0.0027777393968335,False,9,17.774729921412018,0.5935667722241935,0.4315684315684315,0.15,0.4315684315684315,0.15,0.4795204795204795,0.3,0.4795204795204795,0.3,0.5554445554445554,0.6000000000000001,0.5554445554445554,0.6000000000000001
270166054,11424,0.0027778246253546,0.0027778246253546,0.0027778246253546,True,10,22.823798104858497,0.7552686478128747,0.0999000999000999,0.15,0.0999000999000999,0.15,0.1158841158841158,0.3,0.1158841158841158,0.3,0.1288711288711288,0.6000000000000001,0.1288711288711288,0.6000000000000001
270173850,16488,,0.0055554601940457,0.0055554601940457,False,10,25.37729092849827,0.5273677446218342,0.5054945054945055,0.15,0.5054945054945055,0.15,0.6133866133866134,0.3,0.6133866133866134,0.3,0.6493506493506493,0.6000000000000001,0.6493506493506493,0.6000000000000001
270174158,16488,,0.0055554639188812,0.0055554639188812,False,17,25.377304311836497,0.4345226195917563,0.6813186813186813,0.15,0.6813186813186813,0.15,0.7032967032967034,0.3,0.7032967032967034,0.3,0.7392607392607392,0.6000000000000001,0.7392607392607392,0.6000000000000001
270249497,16437,,0.0055556455274654,0.0055556455274654,False,12,25.303022518916805,0.6013182927752369,0.3326673326673326,0.15,0.3326673326673326,0.15,0.4435564435564436,0.3,0.4435564435564436,0.3,0.4925074925074925,0.6000000000000001,0.4925074925074925,0.6000000000000001
270260170,16544,,0.0055555463809469,0.0055555463809469,False,19,24.904026952140157,0.4491594309672226,0.8491508491508492,0.15,0.8491508491508492,0.15,0.8271728271728271,0.3,0.8271728271728271,0.3,0.8191808191808192,0.6000000000000001,0.8191808191808192,0.6000000000000001
270268773,16544,,0.0055556558122589,0.0055556558122589,False,12,24.90446863093985,0.5464140240267331,0.5134865134865135,0.15,0.5134865134865135,0.15,0.6693306693306693,0.3,0.6693306693306693,0.3,0.7492507492507493,0.6000000000000001,0.7492507492507493,0.6000000000000001
270269007,16544,,0.0055556497577526,0.0055556497577526,False,6,24.904441699884956,0.8807864179849068,0.0139860139860139,0.15,0.0139860139860139,0.15,0.1518481518481518,0.3,0.1518481518481518,0.3,0.2807192807192807,0.6000000000000001,0.2807192807192807,0.6000000000000001
270275818,16488,0.0055554553048295,0.0055554553048295,0.0055554553048295,True,20,25.377277995687336,0.5247386950296803,0.3286713286713286,0.15,0.3286713286713286,0.15,0.3276723276723277,0.3,0.3276723276723277,0.3,0.2847152847152847,0.6000000000000001,0.2847152847152847,0.6000000000000001
270286182,11061,,0.0027777189079642,0.0027777189079642,False,13,17.774621484497857,0.5156006730099402,0.7552447552447552,0.15,0.7552447552447552,0.15,0.6883116883116883,0.3,0.6883116883116883,0.3,0.6013986013986014,0.6000000000000001,0.6013986013986014,0.6000000000000001
270302483,14502,,0.0041666966649245,0.0041666966649245,False,11,22.59184295200066,0.5803019786848348,0.5034965034965035,0.15,0.5034965034965035,0.15,0.5424575424575424,0.3,0.5424575424575424,0.3,0.5484515484515484,0.6000000000000001,0.5484515484515484,0.6000000000000001
270303376,15426,,0.004166733447164,0.004166733447164,False,5,23.89049719307991,0.9173179577525922,0.0289710289710289,0.15,0.0289710289710289,0.15,0.0889110889110889,0.3,0.0889110889110889,0.3,0.1158841158841158,0.6000000000000001,0.1158841158841158,0.6000000000000001
270337261,15452,,0.004166735775243,0.004166735775243,False,11,23.91412118701396,0.7297311520678179,0.0339660339660339,0.15,0.0339660339660339,0.15,0.0349650349650349,0.3,0.0349650349650349,0.3,0.0459540459540459,0.6000000000000001,0.0459540459540459,0.6000000000000001
270480629,16545,,0.0055555780459144,0.0055555780459144,False,11,24.90415898620722,0.7851558365506559,0.0929070929070929,0.15,0.0929070929070929,0.15,0.1008991008991009,0.3,0.1008991008991009,0.3,0.0979020979020979,0.6000000000000001,0.0979020979020979,0.6000000000000001
270481071,16546,,0.0055555906192239,0.0055555906192239,False,15,24.90420986296249,0.5229803833628057,0.4395604395604395,0.15,0.4395604395604395,0.15,0.4885114885114885,0.3,0.4885114885114885,0.3,0.4575424575424575,0.6000000000000001,0.4575424575424575,0.6000000000000001
270621379,16543,0.0055555752528562,0.0055555752528562,0.0055555752528562,True,17,24.90414165895072,0.4895408639152028,0.5714285714285714,0.15,0.5714285714285714,0.15,0.5664335664335665,0.3,0.5664335664335665,0.3,0.6133866133866134,0.6000000000000001,0.6133866133866134,0.6000000000000001
270621612,16546,,0.0055555808394274,0.0055555808394274,False,8,24.90416229938728,0.772731915696229,0.0499500499500499,0.15,0.0499500499500499,0.15,0.1118881118881118,0.3,0.1118881118881118,0.3,0.2137862137862138,0.6000000000000001,0.2137862137862138,0.6000000000000001
270622780,16545,,0.005555576648021,0.005555576648021,False,12,24.90414624478308,0.5508423653631231,0.4875124875124875,0.15,0.4875124875124875,0.15,0.4925074925074925,0.3,0.4925074925074925,0.3,0.5084915084915085,0.6000000000000001,0.5084915084915085,0.6000000000000001
270653912,16544,,0.0055555142519096,0.0055555142519096,False,14,24.90387149111939,0.4697301659663777,0.6793206793206793,0.15,0.6793206793206793,0.15,0.7392607392607392,0.3,0.7392607392607392,0.3,0.7442557442557443,0.6000000000000001,0.7442557442557443,0.6000000000000001
273555466,16488,,0.0055554948855842,0.0055554948855842,False,16,25.37746827210708,0.5015293398511518,0.4555444555444555,0.15,0.4555444555444555,0.15,0.4445554445554445,0.3,0.4445554445554445,0.3,0.4725274725274725,0.6000000000000001,0.4725274725274725,0.6000000000000001
273569625,16490,,0.005555503616847,0.005555503616847,False,19,25.377504460741193,0.4723686066726171,0.6533466533466533,0.15,0.6533466533466533,0.15,0.6443556443556444,0.3,0.6443556443556444,0.3,0.6273726273726273,0.6000000000000001,0.6273726273726273,0.6000000000000001
273652136,16489,,0.005555449483495,0.005555449483495,False,9,25.377261852141828,0.7278545629622382,0.0249750249750249,0.15,0.0249750249750249,0.15,0.0499500499500499,0.3,0.0499500499500499,0.3,0.0769230769230769,0.6000000000000001,0.0769230769230769,0.6000000000000001
273699230,16489,,0.0166663575329266,0.0166663575329266,False,5,25.37727566086164,0.8675543065142886,0.0669330669330669,0.15,0.0669330669330669,0.15,0.2817182817182817,0.3,0.2817182817182817,0.3,0.4195804195804196,0.6000000000000001,0.4195804195804196,0.6000000000000001
273734245,16484,,0.0055554543732796,0.0055554543732796,False,10,25.377282868832708,0.6866335647165381,0.2997002997002997,0.15,0.2997002997002997,0.15,0.3176823176823177,0.3,0.3176823176823177,0.3,0.3376623376623376,0.6000000000000001,0.3376623376623376,0.6000000000000001
273792114,16543,,0.0055555379985889,0.0055555379985889,False,18,24.904081561636303,0.4564699902152775,0.6183816183816184,0.15,0.6183816183816184,0.15,0.5904095904095904,0.3,0.5904095904095904,0.3,0.5414585414585414,0.6000000000000001,0.5414585414585414,0.6000000000000001
277802122,16490,0.0055555111842977,0.0055555111842977,0.0055555111842977,True,2,25.37890669608987,0.953015320387226,0.0699300699300699,0.15,0.0699300699300699,0.15,0.2747252747252747,0.3,0.2747252747252747,0.3,0.3346653346653346,0.6000000000000001,0.3346653346653346,0.6000000000000001
277891996,16488,,0.00555550326726,0.00555550326726,False,12,25.37749943579024,0.5630801011111621,0.3626373626373626,0.15,0.3626373626373626,0.15,0.4235764235764235,0.3,0.4235764235764235,0.3,0.4925074925074925,0.6000000000000001,0.4925074925074925,0.6000000000000001
277892347,16490,0.005555510485351,0.005555510485351,0.005555510485351,True,14,25.377529438346983,0.5406402937664802,0.4935064935064935,0.15,0.4935064935064935,0.15,0.5154845154845155,0.3,0.5154845154845155,0.3,0.4985014985014985,0.6000000000000001,0.4985014985014985,0.6000000000000001
277892453,16488,,0.3833303519882065,0.3833303519882065,False,3,25.37753765610455,0.9982526928157208,0.0009990009990009,0.15,0.1408591408591408,1.1499910559646196,0.0209790209790209,0.3,0.1408591408591408,1.1499910559646196,0.0809190809190809,0.6000000000000001,0.1408591408591408,1.1499910559646196
277911424,16489,,0.0055554832445068,0.0055554832445068,False,17,25.377416653553382,0.4112420252689726,0.9530469530469532,0.15,0.9530469530469532,0.15,0.945054945054945,0.3,0.945054945054945,0.3,0.924075924075924,0.6000000000000001,0.924075924075924,0.6000000000000001
277911656,16489,,0.0055554883664399,0.0055554883664399,False,14,25.377438491903604,0.6455217057484758,0.1818181818181818,0.15,0.1818181818181818,0.15,0.2497502497502497,0.3,0.2497502497502497,0.3,0.2907092907092907,0.6000000000000001,0.2907092907092907,0.6000000000000001
277912869,16490,,0.0055555157241542,0.0055555157241542,False,9,25.378941545947782,0.6889777065675965,0.1878121878121878,0.15,0.1878121878121878,0.15,0.3566433566433566,0.3,0.3566433566433566,0.3,0.4355644355644356,0.6000000000000001,0.4355644355644356,0.6000000000000001
277940529,16491,,0.0055555172378944,0.0055555172378944,False,20,25.37894906754173,0.3815654600009989,0.948051948051948,0.15,0.948051948051948,0.15,0.9410589410589412,0.3,0.9410589410589412,0.3,0.956043956043956,0.6000000000000001,0.956043956043956,0.6000000000000001
278777620,40178,,0.013888993891669,0.013888993891669,False,35,78.41721291406134,0.4986484134666888,0.0289710289710289,0.15,0.0289710289710289,0.15,0.0389610389610389,0.3,0.0389610389610389,0.3,0.0409590409590409,0.6000000000000001,0.0409590409590409,0.6000000000000001
278779083,43903,,0.0138890482572833,0.0138890482572833,False,33,78.41890347859908,0.4276613169160101,0.2647352647352647,0.15,0.2647352647352647,0.15,0.3056943056943056,0.3,0.3056943056943056,0.3,0.3306693306693307,0.6000000000000001,0.3306693306693307,0.6000000000000001
278957617,41831,,0.0138889938334614,0.0138889938334614,False,31,78.41722634994653,0.3643244637705897,0.6163836163836164,0.15,0.6163836163836164,0.15,0.8241758241758241,0.3,0.8241758241758241,0.3,0.904095904095904,0.6000000000000001,0.904095904095904,0.6000000000000001
278990983,27410,,0.0083334377172832,0.0083334377172832,False,20,49.60616389199777,0.4538268803640495,0.4955044955044955,0.15,0.4955044955044955,0.15,0.5554445554445554,0.3,0.5554445554445554,0.3,0.6063936063936064,0.6000000000000001,0.6063936063936064,0.6000000000000001
278991073,43901,,0.013889016651774,0.013889016651774,False,37,78.4173575551365,0.3783298261224468,0.3086913086913087,0.15,0.3086913086913087,0.15,0.3626373626373626,0.3,0.3626373626373626,0.3,0.3446553446553446,0.6000000000000001,0.3446553446553446,0.6000000000000001
278991349,43899,,0.0138890252083001,0.0138890252083001,False,23,78.41740635955352,0.5691293805326636,0.0109890109890109,0.15,0.0109890109890109,0.15,0.0899100899100899,0.3,0.0899100899100899,0.3,0.1808191808191808,0.6000000000000001,0.1808191808191808,0.6000000000000001
278991580,43902,,0.4027819740895211,0.4027819740895211,False,8,78.4188422426264,0.88650543099967,0.0009990009990009,0.15,0.2337662337662337,1.2083459222685633,0.0219780219780219,0.3,0.2337662337662337,1.2083459222685633,0.1058941058941058,0.6000000000000001,0.2337662337662337,1.2083459222685633
279052786,41707,,0.0138890117618757,0.0138890117618757,False,36,78.41733425492998,0.4276858016462462,0.1748251748251748,0.15,0.1748251748251748,0.15,0.2667332667332667,0.3,0.2667332667332667,0.3,0.3356643356643357,0.6000000000000001,0.3356643356643357,0.6000000000000001
279054946,43902,,0.0138890105392874,0.0138890105392874,False,22,78.4173275088367,0.5457055670600403,0.0209790209790209,0.15,0.0209790209790209,0.15,0.1098901098901098,0.3,0.1098901098901098,0.3,0.1808191808191808,0.6000000000000001,0.1808191808191808,0.6000000000000001
279055830,43902,,0.0138890388288928,0.0138890388288928,False,9,78.41887662868567,0.9175146288300478,0.0039960039960039,0.15,0.0039960039960039,0.15,0.0249750249750249,0.3,0.0249750249750249,0.3,0.0809190809190809,0.6000000000000001,0.0809190809190809,0.6000000000000001
279087952,27409,,0.0083334689417142,0.0083334689417142,False,29,49.60635296235478,0.4484482899303541,0.3966033966033966,0.15,0.3966033966033966,0.15,0.3916083916083916,0.3,0.3916083916083916,0.3,0.3916083916083916,0.6000000000000001,0.3916083916083916,0.6000000000000001
279088303,43901,,0.0138890476760025,0.0138890476760025,False,42,78.41892725832031,0.4321042751238807,0.0459540459540459,0.15,0.0459540459540459,0.15,0.0579420579420579,0.3,0.0579420579420579,0.3,0.0709290709290709,0.6000000000000001,0.0709290709290709,0.6000000000000001
279088539,43901,,0.0138890395264752,0.0138890395264752,False,37,78.4174938109179,0.4156691899660045,0.1628371628371628,0.15,0.1628371628371628,0.15,0.2037962037962038,0.3,0.2037962037962038,0.3,0.2337662337662337,0.6000000000000001,0.2337662337662337,0.6000000000000001
279091054,25337,,0.0083334182752423,0.0083334182752423,False,13,49.60605741970858,0.70358056599522,0.0329670329670329,0.15,0.0329670329670329,0.15,0.1158841158841158,0.3,0.1158841158841158,0.3,0.2117882117882117,0.6000000000000001,0.2117882117882117,0.6000000000000001
279091165,24480,,0.358337100970175,0.358337100970175,False,1,49.60607090264011,,,,,,,,,,,,,
279092536,43901,,0.0138890310286114,0.0138890310286114,False,28,78.41744694164368,0.561621221356051,0.0049950049950049,0.15,0.0049950049950049,0.15,0.0139860139860139,0.3,0.0139860139860139,0.3,0.0339660339660339,0.6000000000000001,0.0339660339660339,0.6000000000000001
279159844,24336,,0.0083334151318013,0.0083334151318013,False,30,49.606039045587295,0.4027996741781243,0.8791208791208791,0.15,0.8791208791208791,0.15,0.8811188811188811,0.3,0.8811188811188811,0.3,0.8691308691308691,0.6000000000000001,0.8691308691308691,0.6000000000000001
279160404,16492,,0.0055555553108206,0.0055555553108206,False,17,25.379186152468492,0.5056065327216654,0.5164835164835165,0.15,0.5164835164835165,0.15,0.5224775224775224,0.3,0.5224775224775224,0.3,0.5354645354645354,0.6000000000000001,0.5354645354645354,0.6000000000000001
279318109,43898,,0.0138890186885873,0.0138890186885873,False,34,78.41738968043933,0.3922301577085505,0.3466533466533466,0.15,0.3466533466533466,0.15,0.5824175824175825,0.3,0.5824175824175825,0.3,0.6583416583416584,0.6000000000000001,0.6583416583416584,0.6000000000000001
279322448,43902,,0.01388901973678,0.01388901973678,False,32,78.41739751719865,0.6939787038947034,0.0009990009990009,0.15,0.0009990009990009,0.15,0.0009990009990009,0.3,0.0009990009990009,0.3,0.0019980019980019,0.6000000000000001,0.0019980019980019,0.6000000000000001
279361762,27407,,0.0250002726352249,0.0250002726352249,False,29,49.604707659691485,0.4500936506900684,0.0909090909090909,0.15,0.0909090909090909,0.15,0.1188811188811188,0.3,0.1188811188811188,0.3,0.1988011988011988,0.6000000000000001,0.1988011988011988,0.6000000000000001
279362204,41266,,0.0138889709874092,0.0138889709874092,False,7,78.41712909075522,0.7667530687654558,0.0279720279720279,0.15,0.0279720279720279,0.15,0.3296703296703296,0.3,0.3296703296703296,0.3,0.6413586413586414,0.6000000000000001,0.6413586413586414,0.6000000000000001
279362216,40883,,0.3750022048729988,0.3750022048729988,False,7,78.41712688701318,0.990469545911965,0.0009990009990009,0.15,0.0719280719280719,1.1250066146189963,0.0019980019980019,0.3,0.0719280719280719,1.1250066146189963,0.0219780219780219,0.6000000000000001,0.0719280719280719,1.1250066146189963
279425657,42092,,0.0138890090261156,0.0138890090261156,False,48,78.4173453739611,0.325646772486414,0.8121878121878122,0.15,0.8121878121878122,0.15,0.8031968031968032,0.3,0.8031968031968032,0.3,0.7832167832167832,0.6000000000000001,0.7832167832167832,0.6000000000000001
280698967,16489,,0.0055554564684143,0.0055554564684143,False,15,25.377295517590255,0.6119683122225298,0.2327672327672327,0.15,0.2327672327672327,0.15,0.2517482517482518,0.3,0.2517482517482518,0.3,0.2917082917082917,0.6000000000000001,0.2917082917082917,0.6000000000000001
280789406,11170,,0.0027778180935911,0.0027778180935911,False,11,17.776640619531463,0.6556600440630825,0.2097902097902098,0.15,0.2097902097902098,0.15,0.2477522477522477,0.3,0.2477522477522477,0.3,0.2697302697302697,0.6000000000000001,0.2697302697302697,0.6000000000000001
280789967,11112,,0.0027778092469361,0.0027778092469361,False,15,17.777973410924005,0.5613984038728823,0.4775224775224775,0.15,0.4775224775224775,0.15,0.4805194805194805,0.3,0.4805194805194805,0.3,0.4035964035964036,0.6000000000000001,0.4035964035964036,0.6000000000000001
280794991,16491,,0.0611117934644198,0.0611117934644198,False,7,25.37938220471642,0.6771732928294443,0.2827172827172827,0.15,0.4615384615384615,0.1833353803932595,0.5934065934065934,0.3,0.5934065934065934,0.3,0.7012987012987013,0.6000000000000001,0.7012987012987013,0.6000000000000001
281497193,33033,,0.0111111658031859,0.0111111658031859,False,29,53.71665973928543,0.5209856706217908,0.0329670329670329,0.15,0.0329670329670329,0.15,0.0299700299700299,0.3,0.0299700299700299,0.3,0.0199800199800199,0.6000000000000001,0.0199800199800199,0.6000000000000001
281574579,33036,,0.0111111739515763,0.0111111739515763,False,35,53.716740069815614,0.4166949583957202,0.2527472527472527,0.15,0.2527472527472527,0.15,0.2517482517482518,0.3,0.2517482517482518,0.3,0.2627372627372627,0.6000000000000001,0.2627372627372627,0.6000000000000001
281593180,16492,,0.0055556601952275,0.0055556601952275,False,12,25.3809724831749,0.5008214736468539,0.7672327672327672,0.15,0.7672327672327672,0.15,0.8421578421578422,0.3,0.8421578421578422,0.3,0.8981018981018981,0.6000000000000001,0.8981018981018981,0.6000000000000001
281598447,33036,0.0111111634741973,0.0111111634741973,0.0111111634741973,True,32,53.716698984054574,0.3801350757312256,0.4725274725274725,0.15,0.4725274725274725,0.15,0.4565434565434565,0.3,0.4565434565434565,0.3,0.4245754245754246,0.6000000000000001,0.4245754245754246,0.6000000000000001
281703171,33037,,0.0111111939759211,0.0111111939759211,False,28,53.716844661298865,0.3987859487992917,0.6293706293706294,0.15,0.6293706293706294,0.15,0.6583416583416584,0.3,0.6583416583416584,0.3,0.6583416583416584,0.6000000000000001,0.6583416583416584,0.6000000000000001
281728940,16544,,0.005555523096973,0.005555523096973,False,7,24.903976830221836,0.6995700070807119,0.1268731268731268,0.15,0.1268731268731268,0.15,0.4235764235764235,0.3,0.4235764235764235,0.3,0.5924075924075924,0.6000000000000001,0.5924075924075924,0.6000000000000001
281729296,33037,0.011111200959931,0.011111200959931,0.011111200959931,True,30,53.71687983129891,0.3450892412827128,0.932067932067932,0.15,0.932067932067932,0.15,0.9230769230769232,0.3,0.9230769230769232,0.3,0.9270729270729272,0.6000000000000001,0.9270729270729272,0.6000000000000001
281781343,33037,,0.0111111967698889,0.0111111967698889,False,28,53.71686654947485,0.4342389832841318,0.3806193806193806,0.15,0.3806193806193806,0.15,0.3786213786213786,0.3,0.3786213786213786,0.3,0.3936063936063936,0.6000000000000001,0.3936063936063936,0.6000000000000001
281786416,16545,,0.0055555261238851,0.0055555261238851,False,14,24.903993520919357,0.5339620927798975,0.5724275724275725,0.15,0.5724275724275725,0.15,0.5884115884115884,0.3,0.5884115884115884,0.3,0.5684315684315684,0.6000000000000001,0.5684315684315684,0.6000000000000001
281788484,16544,0.0055555270550939,0.0055555270550939,0.0055555270550939,True,14,24.9039973521476,0.5207897733720952,0.6693306693306693,0.15,0.6693306693306693,0.15,0.6593406593406593,0.3,0.6593406593406593,0.3,0.6343656343656343,0.6000000000000001,0.6343656343656343,0.6000000000000001
281815410,16544,,0.2833318442330892,0.2833318442330892,False,3,24.90399745412742,0.9699552511277032,0.0019980019980019,0.15,0.1878121878121878,0.8499955326992676,0.0389610389610389,0.3,0.1878121878121878,0.8499955326992676,0.1198801198801198,0.6000000000000001,0.1878121878121878,0.8499955326992676
284077350,11187,,0.0027777361374319,0.0027777361374319,False,12,17.774711681459394,0.5401559875626956,0.6343656343656343,0.15,0.6343656343656343,0.15,0.6083916083916084,0.3,0.6083916083916084,0.3,0.6833166833166833,0.6000000000000001,0.6833166833166833,0.6000000000000001
284082067,11149,,0.0027777915513524,0.0027777915513524,False,10,17.77504952012032,0.7307776963502538,0.0649350649350649,0.15,0.0649350649350649,0.15,0.0769230769230769,0.3,0.0769230769230769,0.3,0.0879120879120879,0.6000000000000001,0.0879120879120879,0.6000000000000001
284083051,11212,,0.002777785497301,0.002777785497301,False,10,17.776396603705507,0.6719804172941443,0.2697302697302697,0.15,0.2697302697302697,0.15,0.2647352647352647,0.3,0.2647352647352647,0.3,0.2737262737262737,0.6000000000000001,0.2737262737262737,0.6000000000000001
284083493,11124,,0.0027777817715559,0.0027777817715559,False,8,17.776379146063846,0.6768967517981538,0.6583416583416584,0.15,0.6583416583416584,0.15,0.6603396603396603,0.3,0.6603396603396603,0.3,0.6713286713286714,0.6000000000000001,0.6713286713286714,0.6000000000000001
284121210,11121,,0.0027777845659784,0.0027777845659784,False,9,17.776396580422443,0.6198298984012212,0.4535464535464535,0.15,0.4535464535464535,0.15,0.4975024975024975,0.3,0.4975024975024975,0.3,0.4885114885114885,0.6000000000000001,0.4885114885114885,0.6000000000000001
284122100,11155,,0.0027777952764154,0.0027777952764154,False,7,17.77645957182176,0.8373953294191562,0.1468531468531468,0.15,0.1468531468531468,0.15,0.2667332667332667,0.3,0.2667332667332667,0.3,0.3526473526473526,0.6000000000000001,0.3526473526473526,0.6000000000000001
287174076,11157,0.0305557480405695,0.0305557480405695,0.0305557480405695,True,10,17.775071381520775,0.5918601413432043,0.3386613386613387,0.15,0.3386613386613387,0.15,0.3126873126873127,0.3,0.3126873126873127,0.3,0.7812187812187812,0.6000000000000001,0.7812187812187812,0.6000000000000001
289626783,16545,,0.0055556828187945,0.0055556828187945,False,12,24.90598909280652,0.653067039182512,0.1118881118881118,0.15,0.1118881118881118,0.15,0.1498501498501498,0.3,0.1498501498501498,0.3,0.1868131868131868,0.6000000000000001,0.1868131868131868,0.6000000000000001
290303700,16489,,0.0055554523942191,0.0055554523942191,False,13,25.37725512519887,0.5078361004974736,0.6403596403596403,0.15,0.6403596403596403,0.15,0.7192807192807192,0.3,0.7192807192807192,0.3,0.7892107892107892,0.6000000000000001,0.7892107892107892,0.6000000000000001
293166958,11194,0.4166707940385095,0.4166707940385095,0.4166707940385095,True,3,17.777948474179993,0.9992313804170776,0.0009990009990009,0.15,0.0719280719280719,1.2500123821155285,0.0089910089910089,0.3,0.0719280719280719,1.2500123821155285,0.0359640359640359,0.6000000000000001,0.0719280719280719,1.2500123821155285
293217787,8904,,0.0027777983036685,0.0027777983036685,False,8,17.77790103039615,0.7491748199586516,0.1898101898101898,0.15,0.1898101898101898,0.15,0.2497502497502497,0.3,0.2497502497502497,0.3,0.3336663336663337,0.6000000000000001,0.3336663336663337,0.6000000000000001
293224564,40821,0.0138889877218844,0.0138889877218844,0.0138889877218844,True,38,78.41855626189817,0.3970762311190952,0.3146853146853147,0.15,0.3146853146853147,0.15,0.3546453546453546,0.3,0.3546453546453546,0.3,0.3986013986013986,0.6000000000000001,0.3986013986013986,0.6000000000000001
293270932,40210,0.0138889197503431,0.0138889197503431,0.0138889197503431,True,28,78.41679178859431,0.3729983492916289,0.8361638361638362,0.15,0.8361638361638362,0.15,0.8991008991008991,0.3,0.8991008991008991,0.3,0.945054945054945,0.6000000000000001,0.945054945054945,0.6000000000000001
293271518,24365,,0.0083333816771755,0.0083333816771755,False,19,49.6058172636599,0.6076924741801066,0.0379620379620379,0.15,0.0379620379620379,0.15,0.0819180819180819,0.3,0.0819180819180819,0.3,0.1208791208791208,0.6000000000000001,0.1208791208791208,0.6000000000000001
293508748,16486,,0.0055554806833697,0.0055554806833697,False,10,25.377401875093938,0.5923806846289179,0.7532467532467533,0.15,0.7532467532467533,0.15,0.7462537462537463,0.3,0.7462537462537463,0.3,0.7712287712287712,0.6000000000000001,0.7712287712287712,0.6000000000000001
293525326,16488,,0.0055554937221131,0.0055554937221131,False,13,25.37745824106446,0.6691018987345384,0.0389610389610389,0.15,0.0389610389610389,0.15,0.0539460539460539,0.3,0.0539460539460539,0.3,0.0769230769230769,0.6000000000000001,0.0769230769230769,0.6000000000000001
293526840,16489,,0.0055555046643576,0.0055555046643576,False,17,25.37750368168986,0.48492320187443,0.5324675324675324,0.15,0.5324675324675324,0.15,0.5164835164835165,0.3,0.5164835164835165,0.3,0.5574425574425574,0.6000000000000001,0.5574425574425574,0.6000000000000001
293571273,16488,,0.0055554997750277,0.0055554997750277,False,16,25.37749228369853,0.5952798471782168,0.1648351648351648,0.15,0.1648351648351648,0.15,0.1808191808191808,0.3,0.1808191808191808,0.3,0.1658341658341658,0.6000000000000001,0.1658341658341658,0.6000000000000001
293618282,16488,,0.0055555211961291,0.0055555211961291,False,17,25.378972378312938,0.4804648773025375,0.7552447552447552,0.15,0.7552447552447552,0.15,0.7742257742257742,0.3,0.7742257742257742,0.3,0.8241758241758241,0.6000000000000001,0.8241758241758241,0.6000000000000001
299134860,11125,0.0027778059868523,0.0027778059868523,0.0027778059868523,True,10,17.776527553247433,0.6412052975792112,0.3356643356643357,0.15,0.3356643356643357,0.15,0.3206793206793207,0.3,0.3206793206793207,0.3,0.3866133866133866,0.6000000000000001,0.3866133866133866,0.6000000000000001
299134881,11135,,0.0027778059857155,0.0027778059857155,False,12,17.776524595832598,0.5617194867399515,0.6693306693306693,0.15,0.6693306693306693,0.15,0.5934065934065934,0.3,0.5934065934065934,0.3,0.5834165834165834,0.6000000000000001,0.5834165834165834,0.6000000000000001
299176514,11117,,0.0027778041244346,0.0027778041244346,False,10,17.77651613988928,0.5002017898541604,0.9070929070929072,0.15,0.9070929070929072,0.15,0.903096903096903,0.3,0.903096903096903,0.3,0.8721278721278721,0.6000000000000001,0.8721278721278721,0.6000000000000001
299177892,11212,,0.0027778125056556,0.0027778125056556,False,8,17.775171201605644,0.796254719413863,0.0749250749250749,0.15,0.0749250749250749,0.15,0.1058941058941058,0.3,0.1058941058941058,0.3,0.1618381618381618,0.6000000000000001,0.1618381618381618,0.6000000000000001
299897517,33034,,0.0111111602145683,0.0111111602145683,False,31,53.71667299666228,0.3558427608329688,0.8701298701298701,0.15,0.8701298701298701,0.15,0.8471528471528471,0.3,0.8471528471528471,0.3,0.8821178821178821,0.6000000000000001,0.8821178821178821,0.6000000000000001
300997615,8922,,0.3666633522898337,0.3666633522898337,False,0,17.774870872427073,,,,,,,,,,,,,
303953504,16543,,0.0055554455652782,0.0055554455652782,False,14,24.90228992517541,0.588122859014046,0.1008991008991009,0.15,0.1008991008991009,0.15,0.1048951048951049,0.3,0.1048951048951049,0.3,0.1148851148851148,0.6000000000000001,0.1148851148851148,0.6000000000000001
303981359,33030,,0.0111110162094973,0.0111110162094973,False,26,53.71608080095302,0.5143659312646808,0.1038961038961039,0.15,0.1038961038961039,0.15,0.1188811188811188,0.3,0.1188811188811188,0.3,0.1468531468531468,0.6000000000000001,0.1468531468531468,0.6000000000000001
304102181,33033,,0.0111110603302222,0.0111110603302222,False,32,53.716258448591134,0.3525175136027714,0.8781218781218781,0.15,0.8781218781218781,0.15,0.8941058941058941,0.3,0.8941058941058941,0.3,0.8981018981018981,0.6000000000000001,0.8981018981018981,0.6000000000000001
308209064,16545,,0.0055556339252689,0.0055556339252689,False,14,24.904415701549624,0.6631948603093143,0.1628371628371628,0.15,0.1628371628371628,0.15,0.1908091908091908,0.3,0.1908091908091908,0.3,0.1878121878121878,0.6000000000000001,0.1878121878121878,0.6000000000000001
308209067,16545,,0.0055556343913849,0.0055556343913849,False,17,24.90441831111548,0.4617335381362187,0.6883116883116883,0.15,0.6883116883116883,0.15,0.6793206793206793,0.3,0.6793206793206793,0.3,0.6103896103896104,0.6000000000000001,0.6103896103896104,0.6000000000000001
308210106,16543,,0.005555619489769,0.005555619489769,False,16,24.904370319597547,0.5414655893266815,0.4635364635364635,0.15,0.4635364635364635,0.15,0.5154845154845155,0.3,0.5154845154845155,0.3,0.5414585414585414,0.6000000000000001,0.5414585414585414,0.6000000000000001
311864780,10909,,0.0222225158795481,0.0222225158795481,False,6,17.778005283809307,0.8265314515639004,0.1338661338661338,0.15,0.1338661338661338,0.15,0.2497502497502497,0.3,0.2497502497502497,0.3,0.3346653346653346,0.6000000000000001,0.3346653346653346,0.6000000000000001
311883977,11194,,0.0027778136700362,0.0027778136700362,False,5,17.778001608926843,0.8365967057050867,0.3536463536463536,0.15,0.3536463536463536,0.15,0.4685314685314685,0.3,0.4685314685314685,0.3,0.5444555444555444,0.6000000000000001,0.5444555444555444,0.6000000000000001
313934186,16545,0.1222233829057586,0.1222233829057586,0.1222233829057586,True,2,24.90428340019298,1.0,0.0319680319680319,0.15,0.0919080919080919,0.3666701487172757,0.0799200799200799,0.3,0.0919080919080919,0.3666701487172757,0.0889110889110889,0.6000000000000001,0.0889110889110889,0.6000000000000001
313934195,16544,,0.0055556087795594,0.0055556087795594,False,8,24.90428490800423,0.7612479536410359,0.0639360639360639,0.15,0.0639360639360639,0.15,0.2187812187812187,0.3,0.2187812187812187,0.3,0.3066933066933067,0.6000000000000001,0.3066933066933067,0.6000000000000001
316830011,16487,,0.0055554867369664,0.0055554867369664,False,12,25.37736428505218,0.5871259292542617,0.5794205794205795,0.15,0.5794205794205795,0.15,0.6803196803196803,0.3,0.6803196803196803,0.3,0.7022977022977023,0.6000000000000001,0.7022977022977023,0.6000000000000001
316831681,16489,,0.0055555016381276,0.0055555016381276,False,9,25.37881027742787,0.8217343061254961,0.1128871128871128,0.15,0.1128871128871128,0.15,0.1698301698301698,0.3,0.1698301698301698,0.3,0.1908091908091908,0.6000000000000001,0.1908091908091908,0.6000000000000001
316832201,16491,,0.0055555055962486,0.0055555055962486,False,2,25.37882538161739,1.0,0.0789210789210789,0.15,0.0789210789210789,0.15,0.1228771228771228,0.3,0.1228771228771228,0.3,0.1268731268731268,0.6000000000000001,0.1268731268731268,0.6000000000000001
316832207,16482,,0.0055555062940584,0.0055555062940584,False,11,25.37882720887228,0.6932098295736849,0.1328671328671328,0.15,0.1328671328671328,0.15,0.1488511488511488,0.3,0.1488511488511488,0.3,0.2027972027972027,0.6000000000000001,0.2027972027972027,0.6000000000000001
316832286,16457,,0.2166646909992096,0.2166646909992096,False,8,25.378822033047072,0.5991440813556284,0.4105894105894105,0.15,0.9070929070929072,0.6499940729976288,0.7732267732267732,0.3,0.9070929070929072,0.6499940729976288,0.9000999000999002,0.6000000000000001,0.9070929070929072,0.6499940729976288
316854083,16487,,0.0055554955843035,0.0055554955843035,False,0,25.377400282066674,,,,,,,,,,,,,
316854882,16490,0.0055554904622567,0.0055554904622567,0.0055554904622567,True,20,25.37738359369746,0.4344472973903921,0.7302697302697303,0.15,0.7302697302697303,0.15,0.7452547452547452,0.3,0.7452547452547452,0.3,0.7582417582417582,0.6000000000000001,0.7582417582417582,0.6000000000000001
316855037,16487,,0.0055554923246745,0.0055554923246745,False,11,25.37738952296263,0.6424248686050553,0.1418581418581418,0.15,0.1418581418581418,0.15,0.1508491508491508,0.3,0.1508491508491508,0.3,0.1548451548451548,0.6000000000000001,0.1548451548451548,0.6000000000000001
316881711,16489,,0.0055556168890689,0.0055556168890689,False,20,25.37937128495923,0.4197188871780308,0.8341658341658341,0.15,0.8341658341658341,0.15,0.8351648351648352,0.3,0.8351648351648352,0.3,0.8191808191808192,0.6000000000000001,0.8191808191808192,0.6000000000000001
316915259,33033,0.0111111327405524,0.0111111327405524,0.0111111327405524,True,21,53.71650270004329,0.4863180370127024,0.2477522477522477,0.15,0.2477522477522477,0.15,0.3536463536463536,0.3,0.3536463536463536,0.3,0.4355644355644356,0.6000000000000001,0.4355644355644356,0.6000000000000001
316934730,33033,,0.0111111392598104,0.0111111392598104,False,29,53.71653225277123,0.3926174317770611,0.6913086913086913,0.15,0.6913086913086913,0.15,0.7492507492507493,0.3,0.7492507492507493,0.3,0.7632367632367633,0.6000000000000001,0.7632367632367633,0.6000000000000001
316967137,16059,0.0055554520852183,0.0055554520852183,0.0055554520852183,True,7,24.21893854781456,0.7404774107876542,0.0889110889110889,0.15,0.0889110889110889,0.15,0.2457542457542457,0.3,0.2457542457542457,0.3,0.3836163836163836,0.6000000000000001,0.3836163836163836,0.6000000000000001
316968412,33030,,0.0111111405403789,0.0111111405403789,False,13,53.71649676402603,0.6432702223969202,0.0719280719280719,0.15,0.0719280719280719,0.15,0.1498501498501498,0.3,0.1498501498501498,0.3,0.2197802197802197,0.6000000000000001,0.2197802197802197,0.6000000000000001
316992294,16490,,0.005555476491736,0.005555476491736,False,9,25.377361782588423,0.6959753758097507,0.2047952047952048,0.15,0.2047952047952048,0.15,0.3816183816183816,0.3,0.3816183816183816,0.3,0.4535464535464535,0.6000000000000001,0.4535464535464535,0.6000000000000001
317088106,16487,,0.00555544901772,0.00555544901772,False,11,25.37726736533864,0.7261977309989183,0.0459540459540459,0.15,0.0459540459540459,0.15,0.0529470529470529,0.3,0.0529470529470529,0.3,0.0579420579420579,0.6000000000000001,0.0579420579420579,0.6000000000000001
317097443,16490,,0.0055554506475345,0.0055554506475345,False,18,25.377274211025224,0.5183213960744361,0.3676323676323676,0.15,0.3676323676323676,0.15,0.3086913086913087,0.3,0.3086913086913087,0.3,0.3006993006993007,0.6000000000000001,0.3006993006993007,0.6000000000000001
317128444,16490,0.0055554584473611,0.0055554584473611,0.0055554584473611,True,13,25.3773076527234,0.507698565395676,0.7192807192807192,0.15,0.7192807192807192,0.15,0.7462537462537463,0.3,0.7462537462537463,0.3,0.7892107892107892,0.6000000000000001,0.7892107892107892,0.6000000000000001
321978744,16543,,0.005555517043831,0.005555517043831,False,13,24.9039169508369,0.6478754454555613,0.2367632367632367,0.15,0.2367632367632367,0.15,0.2257742257742257,0.3,0.2257742257742257,0.3,0.2287712287712287,0.6000000000000001,0.2287712287712287,0.6000000000000001
32198742,16126,,0.005555662756933,0.005555662756933,False,11,24.868369611085654,0.684546507251097,0.1018981018981019,0.15,0.1018981018981019,0.15,0.1398601398601398,0.3,0.1398601398601398,0.3,0.1268731268731268,0.6000000000000001,0.1268731268731268,0.6000000000000001
32199330,16111,,0.0055556543750299,0.0055556543750299,False,14,24.846112559804624,0.6153787481383866,0.2557442557442557,0.15,0.2557442557442557,0.15,0.2917082917082917,0.3,0.2917082917082917,0.3,0.3426573426573426,0.6000000000000001,0.3426573426573426,0.6000000000000001
32200787,16430,,0.0055556716047249,0.0055556716047249,False,18,25.317028042483344,0.5279457135634079,0.1128871128871128,0.15,0.1128871128871128,0.15,0.2077922077922078,0.3,0.2077922077922078,0.3,0.2547452547452547,0.6000000000000001,0.2547452547452547,0.6000000000000001
322010023,16545,,0.0055555151811859,0.0055555151811859,False,16,24.903905336778735,0.4984965659247601,0.6123876123876124,0.15,0.6123876123876124,0.15,0.5624375624375625,0.3,0.5624375624375625,0.3,0.5564435564435565,0.6000000000000001,0.5564435564435565,0.6000000000000001
322048480,16545,,0.0055555801415039,0.0055555801415039,False,12,24.904217345208053,0.5746050685418203,0.3166833166833167,0.15,0.3166833166833167,0.15,0.4335664335664335,0.3,0.4335664335664335,0.3,0.4895104895104895,0.6000000000000001,0.4895104895104895,0.6000000000000001
322050553,16544,,0.0055555712940531,0.0055555712940531,False,10,24.904181249473368,0.6348083736278709,0.1528471528471528,0.15,0.1528471528471528,0.15,0.2287712287712287,0.3,0.2287712287712287,0.3,0.2297702297702297,0.6000000000000001,0.2297702297702297,0.6000000000000001
322065322,16545,,0.0055555650068299,0.0055555650068299,False,11,24.904157330315684,0.6280961930532531,0.1538461538461538,0.15,0.1538461538461538,0.15,0.1888111888111888,0.3,0.1888111888111888,0.3,0.2787212787212787,0.6000000000000001,0.2787212787212787,0.6000000000000001
322075273,16301,,0.350001020819036,0.350001020819036,False,1,24.556965442595356,,,,,,,,,,,,,
32207625,16151,,0.0055556627562509,0.0055556627562509,False,17,24.90309273720004,0.4373087584236237,0.7802197802197802,0.15,0.7802197802197802,0.15,0.8061938061938062,0.3,0.8061938061938062,0.3,0.8051948051948052,0.6000000000000001,0.8051948051948052,0.6000000000000001
325338671,16490,,0.0055554742802996,0.0055554742802996,False,13,25.37735189520231,0.5497304849945502,0.3596403596403596,0.15,0.3596403596403596,0.15,0.3756243756243756,0.3,0.3756243756243756,0.3,0.4355644355644356,0.6000000000000001,0.4355644355644356,0.6000000000000001
326198086,11019,0.013888757521272,0.013888757521272,0.013888757521272,True,2,17.77620333517916,1.0,0.1368631368631368,0.15,0.1368631368631368,0.15,0.1568431568431568,0.3,0.1568431568431568,0.3,0.1668331668331668,0.6000000000000001,0.1668331668331668,0.6000000000000001
326205407,11076,,0.002777751504027,0.002777751504027,False,6,17.774811671976295,0.7296201154080241,0.5844155844155844,0.15,0.5844155844155844,0.15,0.6573426573426573,0.3,0.6573426573426573,0.3,0.6863136863136863,0.6000000000000001,0.6863136863136863,0.6000000000000001
326205481,11032,,0.0027777505736139,0.0027777505736139,False,10,17.776198949581158,0.6746371735996257,0.3626373626373626,0.15,0.3626373626373626,0.15,0.3986013986013986,0.3,0.3986013986013986,0.3,0.4585414585414585,0.6000000000000001,0.4585414585414585,0.6000000000000001
326210415,11008,,0.0027777519703704,0.0027777519703704,False,8,17.776208436032903,0.821950550931313,0.1918081918081918,0.15,0.1918081918081918,0.15,0.2107892107892107,0.3,0.2107892107892107,0.3,0.2617382617382617,0.6000000000000001,0.2617382617382617,0.6000000000000001
327939708,16546,,0.0055556641927978,0.0055556641927978,False,16,24.904509046148632,0.5495277035881111,0.3646353646353646,0.15,0.3646353646353646,0.15,0.3386613386613387,0.3,0.3386613386613387,0.3,0.4235764235764235,0.6000000000000001,0.4235764235764235,0.6000000000000001
327996089,16546,,0.0500005293074536,0.0500005293074536,False,25,24.904311143361156,0.82842910756386,0.0009990009990009,0.15,0.0009990009990009,0.150001587922361,0.0009990009990009,0.3,0.0009990009990009,0.3,0.0009990009990009,0.6000000000000001,0.0009990009990009,0.6000000000000001
327996109,16546,,0.0055556143674948,0.0055556143674948,False,14,24.904311356168364,0.5243631525493907,0.4395604395604395,0.15,0.4395604395604395,0.15,0.4475524475524475,0.3,0.4475524475524475,0.3,0.5164835164835165,0.6000000000000001,0.5164835164835165,0.6000000000000001
33443827,11082,,0.0027777850317534,0.0027777850317534,False,11,17.776404011445265,0.4854461713456641,0.7262737262737263,0.15,0.7262737262737263,0.15,0.7242757242757243,0.3,0.7242757242757243,0.3,0.7322677322677322,0.6000000000000001,0.7322677322677322,0.6000000000000001
33490526,11092,,0.0027777850325492,0.0027777850325492,False,12,17.776405638465803,0.5513269446285067,0.5694305694305695,0.15,0.5694305694305695,0.15,0.5014985014985015,0.3,0.5014985014985015,0.3,0.5354645354645354,0.6000000000000001,0.5354645354645354,0.6000000000000001
33490856,11068,,0.0027777892225913,0.0027777892225913,False,12,17.775040591996458,0.4920567126075602,0.7672327672327672,0.15,0.7672327672327672,0.15,0.7472527472527473,0.3,0.7472527472527473,0.3,0.7412587412587412,0.6000000000000001,0.7412587412587412,0.6000000000000001
33493176,11007,0.002777785497301,0.002777785497301,0.002777785497301,True,9,17.77641031836174,0.7101870199507874,0.1738261738261738,0.15,0.1738261738261738,0.15,0.2037962037962038,0.3,0.2037962037962038,0.3,0.2797202797202797,0.6000000000000001,0.2797202797202797,0.6000000000000001
33526048,11022,,0.0027777896887073,0.0027777896887073,False,9,17.776435716459673,0.6339938740491803,0.2817182817182817,0.15,0.2817182817182817,0.15,0.2787212787212787,0.3,0.2787212787212787,0.3,0.2467532467532467,0.6000000000000001,0.2467532467532467,0.6000000000000001
336874964,11211,,0.0027777906195751,0.0027777906195751,False,9,17.77642742023818,0.7303239421065799,0.1878121878121878,0.15,0.1878121878121878,0.15,0.1758241758241758,0.3,0.1758241758241758,0.3,0.1718281718281718,0.6000000000000001,0.1718281718281718,0.6000000000000001
336875204,11213,,0.0027777875928904,0.0027777875928904,False,10,17.776409933259856,0.6547874979693303,0.4015984015984016,0.15,0.4015984015984016,0.15,0.4585414585414585,0.3,0.4585414585414585,0.3,0.4765234765234765,0.6000000000000001,0.4765234765234765,0.6000000000000001
336876701,11160,,0.0027777920167864,0.0027777920167864,False,16,17.776439203797054,0.4621549977798427,0.8851148851148851,0.15,0.8851148851148851,0.15,0.8681318681318682,0.3,0.8681318681318682,0.3,0.8331668331668332,0.6000000000000001,0.8331668331668332,0.6000000000000001
344283272,11212,,0.002777829269462,0.002777829269462,False,6,17.77666084320299,0.91852024259061,0.0199800199800199,0.15,0.0199800199800199,0.15,0.1368631368631368,0.3,0.1368631368631368,0.3,0.2457542457542457,0.6000000000000001,0.2457542457542457,0.6000000000000001
344320670,10922,,0.002777803657409,0.002777803657409,False,12,17.77652255949579,0.4752896358000957,0.8971028971028971,0.15,0.8971028971028971,0.15,0.8981018981018981,0.3,0.8981018981018981,0.3,0.91008991008991,0.6000000000000001,0.91008991008991,0.6000000000000001
344368428,11145,,0.0027777715276897,0.0027777715276897,False,11,17.776320281820517,0.5873432389104684,0.3286713286713286,0.15,0.3286713286713286,0.15,0.3446553446553446,0.3,0.3446553446553446,0.3,0.3246753246753247,0.6000000000000001,0.3246753246753247,0.6000000000000001
355403599,15292,,0.0041667204088753,0.0041667204088753,False,6,23.696055523428186,0.8018967016819863,0.1178821178821178,0.15,0.1178821178821178,0.15,0.2087912087912088,0.3,0.2087912087912088,0.3,0.2837162837162837,0.6000000000000001,0.2837162837162837,0.6000000000000001
355425821,15973,,0.004166718545548,0.004166718545548,False,13,24.968283538070864,0.471840813465027,0.8791208791208791,0.15,0.8791208791208791,0.15,0.929070929070929,0.3,0.929070929070929,0.3,0.954045954045954,0.6000000000000001,0.954045954045954,0.6000000000000001
355426813,16545,,0.0055555156468471,0.0055555156468471,False,12,24.90391261366767,0.5194557725827946,0.7772227772227772,0.15,0.7772227772227772,0.15,0.8051948051948052,0.3,0.8051948051948052,0.3,0.8391608391608392,0.6000000000000001,0.8391608391608392,0.6000000000000001
355480244,33032,,0.0111111255238256,0.0111111255238256,False,20,53.716427858029874,0.5098071530819286,0.1748251748251748,0.15,0.1748251748251748,0.15,0.2747252747252747,0.3,0.2747252747252747,0.3,0.3346653346653346,0.6000000000000001,0.3346653346653346,0.6000000000000001
355508749,16545,,0.005555547311701,0.005555547311701,False,12,24.904085913473864,0.6593661007080173,0.0439560439560439,0.15,0.0439560439560439,0.15,0.0799200799200799,0.3,0.0799200799200799,0.3,0.0779220779220779,0.6000000000000001,0.0779220779220779,0.6000000000000001
355602286,33033,,0.0111111290161716,0.0111111290161716,False,28,53.71645595626478,0.4716923190982224,0.0949050949050949,0.15,0.0949050949050949,0.15,0.1188811188811188,0.3,0.1188811188811188,0.3,0.1438561438561438,0.6000000000000001,0.1438561438561438,0.6000000000000001
355651035,33033,,0.0555555798837303,0.0555555798837303,False,5,53.71505209459406,0.9237706546361664,0.0879120879120879,0.15,0.0639360639360639,0.1666667396511911,0.0019980019980019,0.3,0.0019980019980019,0.3,0.0089910089910089,0.6000000000000001,0.0089910089910089,0.6000000000000001
355652342,33035,,0.0111110901325446,0.0111110901325446,False,29,53.716298390317434,0.4161410728246828,0.4645354645354645,0.15,0.4645354645354645,0.15,0.4425574425574425,0.3,0.4425574425574425,0.3,0.4375624375624375,0.6000000000000001,0.4375624375624375,0.6000000000000001
355767588,33035,,0.0111111299465846,0.0111111299465846,False,22,53.71649352451573,0.4164294179866663,0.4215784215784215,0.15,0.4215784215784215,0.15,0.5524475524475524,0.3,0.5524475524475524,0.3,0.6933066933066933,0.6000000000000001,0.6933066933066933,0.6000000000000001
35704767,11213,,0.0027778222845427,0.0027778222845427,False,4,17.776619332293194,0.9397676759006748,0.0499500499500499,0.15,0.0499500499500499,0.15,0.0779220779220779,0.3,0.0779220779220779,0.3,0.1358641358641358,0.6000000000000001,0.1358641358641358,0.6000000000000001
358250131,16545,,0.0055556283366513,0.0055556283366513,False,16,24.905872285979967,0.4562044188238505,0.6033966033966034,0.15,0.6033966033966034,0.15,0.5654345654345654,0.3,0.5654345654345654,0.3,0.5744255744255744,0.6000000000000001,0.5744255744255744,0.6000000000000001
358512823,33036,,0.0111112191207212,0.0111112191207212,False,25,53.71703317993661,0.4479920280922843,0.3666333666333666,0.15,0.3666333666333666,0.15,0.4065934065934066,0.3,0.4065934065934066,0.3,0.3766233766233766,0.6000000000000001,0.3766233766233766,0.6000000000000001
364264680,8731,0.0027777990023878,0.0027777990023878,0.0027777990023878,True,1,17.7779073165907,,,,,,,,,,,,,
369219815,16415,,0.0055554951181875,0.0055554951181875,False,9,25.282901305040923,0.6944168148211243,0.1388611388611388,0.15,0.1388611388611388,0.15,0.1478521478521478,0.3,0.1478521478521478,0.3,0.2237762237762237,0.6000000000000001,0.2237762237762237,0.6000000000000001
369219891,16407,0.0055554946534357,0.0055554946534357,0.0055554946534357,True,12,25.26345804743346,0.5428378286475448,0.7222777222777222,0.15,0.7222777222777222,0.15,0.7792207792207793,0.3,0.7792207792207793,0.3,0.8031968031968032,0.6000000000000001,0.8031968031968032,0.6000000000000001
369455534,16545,,0.005555561747883,0.005555561747883,False,7,24.904085057355587,0.882711944199887,0.0329670329670329,0.15,0.0329670329670329,0.15,0.0659340659340659,0.3,0.0659340659340659,0.3,0.1218781218781218,0.6000000000000001,0.1218781218781218,0.6000000000000001
369458346,16415,,0.0055554788207246,0.0055554788207246,False,10,25.282827968510446,0.6052715789196147,0.4365634365634365,0.15,0.4365634365634365,0.15,0.4835164835164835,0.3,0.4835164835164835,0.3,0.5174825174825175,0.6000000000000001,0.5174825174825175,0.6000000000000001
369480804,11191,,0.0027778329947523,0.0027778329947523,False,9,17.776685304856073,0.6242718980286518,0.3146853146853147,0.15,0.3146853146853147,0.15,0.3576423576423576,0.3,0.3576423576423576,0.3,0.3436563436563437,0.6000000000000001,0.3436563436563437,0.6000000000000001
369480832,11212,,0.0027778329949796,0.0027778329949796,False,10,17.776684382846724,0.6510567528410719,0.3846153846153846,0.15,0.3846153846153846,0.15,0.4335664335664335,0.3,0.4335664335664335,0.3,0.4445554445554445,0.6000000000000001,0.4445554445554445,0.6000000000000001
369603767,27618,,0.0083333840498198,0.0083333840498198,False,27,49.60420545179067,0.411268306688942,0.5734265734265734,0.15,0.5734265734265734,0.15,0.5474525474525475,0.3,0.5474525474525475,0.3,0.5614385614385614,0.6000000000000001,0.5614385614385614,0.6000000000000001
369706317,44155,,0.0152778698936799,0.0152778698936799,False,46,78.41676121862815,0.3328905214115981,0.7642357642357642,0.15,0.7642357642357642,0.15,0.7922077922077922,0.3,0.7922077922077922,0.3,0.7812187812187812,0.6000000000000001,0.7812187812187812,0.6000000000000001
369964134,33034,,0.01111107686188,0.01111107686188,False,15,53.71628172429996,0.5831699901486759,0.0149850149850149,0.15,0.0149850149850149,0.15,0.1408591408591408,0.3,0.1408591408591408,0.3,0.3166833166833167,0.6000000000000001,0.3166833166833167,0.6000000000000001
370233036,16489,,0.0055555039662067,0.0055555039662067,False,12,25.37882668733164,0.5851345106335303,0.3986013986013986,0.15,0.3986013986013986,0.15,0.4725274725274725,0.3,0.4725274725274725,0.3,0.4775224775224775,0.6000000000000001,0.4775224775224775,0.6000000000000001
370281600,16486,,0.0055555491348968,0.0055555491348968,False,11,25.379038404426865,0.6967368644075681,0.0999000999000999,0.15,0.0999000999000999,0.15,0.1558441558441558,0.3,0.1558441558441558,0.3,0.1828171828171828,0.6000000000000001,0.1828171828171828,0.6000000000000001
370324073,16490,,0.1111113179831591,0.1111113179831591,False,16,25.37912309191688,0.524158148954901,0.3446553446553446,0.15,0.4945054945054945,0.3333339539494773,0.4435564435564436,0.3,0.4945054945054945,0.3333339539494773,0.5584415584415584,0.6000000000000001,0.5584415584415584,0.6000000000000001
370324466,16477,,0.4055569564941379,0.4055569564941379,False,6,25.379158337354056,0.7078233848566887,0.1178821178821178,0.15,0.7572427572427572,1.2166708694824138,0.4485514485514486,0.3,0.7572427572427572,1.2166708694824138,0.6353646353646354,0.6000000000000001,0.7572427572427572,1.2166708694824138
370325663,16489,,0.0055555798687692,0.0055555798687692,False,8,25.379180201082814,0.6476361434379634,0.0729270729270729,0.15,0.0729270729270729,0.15,0.2877122877122877,0.3,0.2877122877122877,0.3,0.4645354645354645,0.6000000000000001,0.4645354645354645,0.6000000000000001
372817741,9052,,0.0027778122785093,0.0027778122785093,False,10,17.77799114295658,0.8129638341718087,0.1058941058941058,0.15,0.1058941058941058,0.15,0.1118881118881118,0.3,0.1118881118881118,0.3,0.1308691308691308,0.6000000000000001,0.1308691308691308,0.6000000000000001
372848247,24992,,0.0083334523433222,0.0083334523433222,False,23,49.60613340672057,0.4463576909292965,0.6893106893106893,0.15,0.6893106893106893,0.15,0.7222777222777222,0.3,0.7222777222777222,0.3,0.7392607392607392,0.6000000000000001,0.7392607392607392,0.6000000000000001
372849495,41384,,0.0138889998293052,0.0138889998293052,False,35,78.41862255832848,0.3875488436666794,0.5074925074925075,0.15,0.5074925074925075,0.15,0.5974025974025974,0.3,0.5974025974025974,0.3,0.6213786213786214,0.6000000000000001,0.6213786213786214,0.6000000000000001
375059160,39922,,0.0125000367497705,0.0125000367497705,False,31,78.41685560613496,0.4278638166660873,0.2697302697302697,0.15,0.2697302697302697,0.15,0.4175824175824176,0.3,0.4175824175824176,0.3,0.5054945054945055,0.6000000000000001,0.5054945054945055,0.6000000000000001
375089653,25406,,0.00833338754137,0.00833338754137,False,25,49.60586179828306,0.4032432316554164,0.7872127872127872,0.15,0.7872127872127872,0.15,0.8131868131868132,0.3,0.8131868131868132,0.3,0.8161838161838162,0.6000000000000001,0.8161838161838162,0.6000000000000001
37716298,11186,,0.0027777193733982,0.0027777193733982,False,10,17.774609738424715,0.665640688875717,0.2807192807192807,0.15,0.2807192807192807,0.15,0.3386613386613387,0.3,0.3386613386613387,0.3,0.3116883116883117,0.6000000000000001,0.3116883116883117,0.6000000000000001
37716639,11168,,0.0027777226337093,0.0027777226337093,False,9,17.774630986549255,0.7279446620199621,0.3076923076923077,0.15,0.3076923076923077,0.15,0.3376623376623376,0.3,0.3376623376623376,0.3,0.3376623376623376,0.6000000000000001,0.3376623376623376,0.6000000000000001
37716825,11180,0.0027777244956723,0.0027777244956723,0.0027777244956723,True,7,17.774640861828175,0.7733220287044706,0.2407592407592407,0.15,0.2407592407592407,0.15,0.5544455544455544,0.3,0.5544455544455544,0.3,0.5924075924075924,0.6000000000000001,0.5924075924075924,0.6000000000000001
37744730,11183,0.0027777268242061,0.0027777268242061,0.0027777268242061,True,12,17.774655211646404,0.5706368100565695,0.3476523476523476,0.15,0.3476523476523476,0.15,0.3696303696303696,0.3,0.3696303696303696,0.3,0.4825174825174825,0.6000000000000001,0.4825174825174825,0.6000000000000001
37745685,11186,0.0027777205376651,0.0027777205376651,0.0027777205376651,True,14,17.774617110308554,0.5087590995200645,0.7152847152847153,0.15,0.7152847152847153,0.15,0.7122877122877123,0.3,0.7122877122877123,0.3,0.7032967032967034,0.6000000000000001,0.7032967032967034,0.6000000000000001
37745770,11186,,0.0027777212367254,0.0027777212367254,False,8,17.773232999199763,0.6582279275044148,0.2617382617382617,0.15,0.2617382617382617,0.15,0.4525474525474525,0.3,0.4525474525474525,0.3,0.4715284715284715,0.6000000000000001,0.4715284715284715,0.6000000000000001
37751660,11186,,0.002777723099598,0.002777723099598,False,2,17.773244839103654,1.0,0.0739260739260739,0.15,0.0739260739260739,0.15,0.1428571428571428,0.3,0.1428571428571428,0.3,0.1618381618381618,0.6000000000000001,0.1618381618381618,0.6000000000000001
37762662,11175,,0.0027777328775755,0.0027777328775755,False,10,17.774691008892205,0.6439002876705493,0.3626373626373626,0.15,0.3626373626373626,0.15,0.4285714285714285,0.3,0.4285714285714285,0.3,0.4415584415584415,0.6000000000000001,0.4415584415584415,0.6000000000000001
37773644,11187,0.0027777328782576,0.0027777328782576,0.0027777328782576,True,7,17.77469210366189,0.728175032158568,0.1858141858141858,0.15,0.1858141858141858,0.15,0.1998001998001998,0.3,0.1998001998001998,0.3,0.2587412587412587,0.6000000000000001,0.2587412587412587,0.6000000000000001
37774136,11187,,0.0027777272905495,0.0027777272905495,False,10,17.77465910550609,0.6159873456477735,0.4935064935064935,0.15,0.4935064935064935,0.15,0.5604395604395604,0.3,0.5604395604395604,0.3,0.6083916083916084,0.6000000000000001,0.6083916083916084,0.6000000000000001
380436218,11194,,0.0027778073836088,0.0027778073836088,False,8,17.777961800125468,0.8319767681932956,0.0309690309690309,0.15,0.0309690309690309,0.15,0.0529470529470529,0.3,0.0529470529470529,0.3,0.0739260739260739,0.6000000000000001,0.0739260739260739,0.6000000000000001
380436242,11194,,0.0027778072726505,0.0027778072726505,False,0,17.777961351693648,,,,,,,,,,,,,
3806602,11188,0.0027777496416092,0.0027777496416092,0.0027777496416092,True,11,17.77618105561487,0.5276118443420399,0.8551448551448552,0.15,0.8551448551448552,0.15,0.8601398601398601,0.3,0.8601398601398601,0.3,0.8571428571428571,0.6000000000000001,0.8571428571428571,0.6000000000000001
380824767,16544,0.0055555622134306,0.0055555622134306,0.0055555622134306,True,13,24.90408197607485,0.4682925362823862,0.8351648351648352,0.15,0.8351648351648352,0.15,0.8541458541458542,0.3,0.8541458541458542,0.3,0.8721278721278721,0.6000000000000001,0.8721278721278721,0.6000000000000001
380827643,16544,0.0055555594194629,0.0055555594194629,0.0055555594194629,True,14,24.904073066111778,0.5398971154446589,0.5344655344655345,0.15,0.5344655344655345,0.15,0.5094905094905094,0.3,0.5094905094905094,0.3,0.4855144855144855,0.6000000000000001,0.4855144855144855,0.6000000000000001
380858160,16545,,0.0055555659387209,0.0055555659387209,False,13,24.904100053977345,0.5501797744233013,0.5514485514485514,0.15,0.5514485514485514,0.15,0.7012987012987013,0.3,0.7012987012987013,0.3,0.7452547452547452,0.6000000000000001,0.7452547452547452,0.6000000000000001
381855507,16487,,0.0055554918587858,0.0055554918587858,False,6,25.377377085149647,0.8950672227193216,0.0489510489510489,0.15,0.0489510489510489,0.15,0.1598401598401598,0.3,0.1598401598401598,0.3,0.2427572427572427,0.6000000000000001,0.2427572427572427,0.6000000000000001
381858453,16489,,0.0055554965158535,0.0055554965158535,False,9,25.37739607155731,0.6709469903860881,0.3786213786213786,0.15,0.3786213786213786,0.15,0.4335664335664335,0.3,0.4335664335664335,0.3,0.4845154845154845,0.6000000000000001,0.4845154845154845,0.6000000000000001
382219663,16419,,0.0055555044316406,0.0055555044316406,False,2,25.28433777278065,1.0,0.0489510489510489,0.15,0.0489510489510489,0.15,0.0949050949050949,0.3,0.0949050949050949,0.3,0.1048951048951049,0.6000000000000001,0.1048951048951049,0.6000000000000001
382304517,16489,0.005555487085985,0.005555487085985,0.005555487085985,True,15,25.37742145242578,0.7425759845785025,0.0179820179820179,0.15,0.0179820179820179,0.15,0.0159840159840159,0.3,0.0159840159840159,0.3,0.0239760239760239,0.6000000000000001,0.0239760239760239,0.6000000000000001
382413530,16490,,0.0055555984952206,0.0055555984952206,False,16,25.379237223635755,0.4213788689374202,0.8991008991008991,0.15,0.8991008991008991,0.15,0.8881118881118881,0.3,0.8881118881118881,0.3,0.8751248751248751,0.6000000000000001,0.8751248751248751,0.6000000000000001
382416191,16545,,0.0611114942515769,0.0611114942515769,False,10,24.904275517013048,0.7910683587539912,0.0019980019980019,0.15,0.0129870129870129,0.1833344827547307,0.0229770229770229,0.3,0.0229770229770229,0.3,0.0439560439560439,0.6000000000000001,0.0439560439560439,0.6000000000000001
382416402,16545,,0.005555581305316,0.005555581305316,False,15,24.90423692766217,0.5197591990473875,0.3406593406593406,0.15,0.3406593406593406,0.15,0.3776223776223776,0.3,0.3776223776223776,0.3,0.4055944055944055,0.6000000000000001,0.4055944055944055,0.6000000000000001
382472618,16215,0.0055555123881276,0.0055555123881276,0.0055555123881276,True,14,24.43862557470993,0.5504901230730351,0.3846153846153846,0.15,0.3846153846153846,0.15,0.5164835164835165,0.3,0.5164835164835165,0.3,0.5794205794205795,0.6000000000000001,0.5794205794205795,0.6000000000000001
382532460,16545,,0.005555571293371,0.005555571293371,False,10,24.904187463257585,0.6772995456652285,0.1658341658341658,0.15,0.1658341658341658,0.15,0.1948051948051948,0.3,0.1948051948051948,0.3,0.2337662337662337,0.6000000000000001,0.2337662337662337,0.6000000000000001
382552251,16545,,0.0055556052870997,0.0055556052870997,False,1,24.90434020667908,,,,,,,,,,,,,
3836148,11116,0.0027777487109688,0.0027777487109688,0.0027777487109688,True,9,17.776181752709817,0.579015673319912,0.6783216783216783,0.15,0.6783216783216783,0.15,0.7022977022977023,0.3,0.7022977022977023,0.3,0.7382617382617382,0.6000000000000001,0.7382617382617382,0.6000000000000001
3836364,11128,,0.0027777510376836,0.0027777510376836,False,6,17.774802758287933,0.868365692230785,0.0689310689310689,0.15,0.0689310689310689,0.15,0.0839160839160839,0.3,0.0839160839160839,0.3,0.0849150849150849,0.6000000000000001,0.0849150849150849,0.6000000000000001
389011260,16486,,0.0388889124012621,0.0388889124012621,False,5,25.379089503302566,0.9204227204555188,0.0499500499500499,0.15,0.0499500499500499,0.15,0.1748251748251748,0.3,0.1748251748251748,0.3,0.2777222777222777,0.6000000000000001,0.2777222777222777,0.6000000000000001
389087654,16490,,0.0055554753275828,0.0055554753275828,False,18,25.37735219182855,0.5428525278532548,0.3576423576423576,0.15,0.3576423576423576,0.15,0.3736263736263736,0.3,0.3736263736263736,0.3,0.3536463536463536,0.6000000000000001,0.3536463536463536,0.6000000000000001
389131517,16488,,0.0055554632212988,0.0055554632212988,False,10,25.377330001205564,0.6646422303604166,0.2137862137862138,0.15,0.2137862137862138,0.15,0.3256743256743257,0.3,0.3256743256743257,0.3,0.4435564435564436,0.6000000000000001,0.4435564435564436,0.6000000000000001
389527466,16420,,0.0055554904615746,0.0055554904615746,False,17,25.28288650492823,0.5207895528551914,0.5034965034965035,0.15,0.5034965034965035,0.15,0.4755244755244755,0.3,0.4755244755244755,0.3,0.4905094905094905,0.6000000000000001,0.4905094905094905,0.6000000000000001
389527948,16418,,0.0055554941868649,0.0055554941868649,False,11,25.282900455209074,0.5887704278358806,0.4745254745254745,0.15,0.4745254745254745,0.15,0.5894105894105894,0.3,0.5894105894105894,0.3,0.6683316683316683,0.6000000000000001,0.6683316683316683,0.6000000000000001
389628260,16485,,0.0055555612821081,0.0055555612821081,False,13,24.90409097218526,0.605698180006254,0.1358641358641358,0.15,0.1358641358641358,0.15,0.1678321678321678,0.3,0.1678321678321678,0.3,0.1808191808191808,0.6000000000000001,0.1808191808191808,0.6000000000000001
389751904,16545,,0.005555486310186,0.005555486310186,False,9,24.903753737487023,0.717309836869751,0.2307692307692307,0.15,0.2307692307692307,0.15,0.2457542457542457,0.3,0.2457542457542457,0.3,0.2537462537462537,0.6000000000000001,0.2537462537462537,0.6000000000000001
389752285,16544,,0.0055554858445248,0.0055554858445248,False,14,24.903753357507412,0.536318923857942,0.4435564435564436,0.15,0.4435564435564436,0.15,0.4495504495504495,0.3,0.4495504495504495,0.3,0.4135864135864135,0.6000000000000001,0.4135864135864135,0.6000000000000001
389756744,33037,,0.0111111921123665,0.0111111921123665,False,6,53.716790492223026,0.8626108965113832,0.0159840159840159,0.15,0.0159840159840159,0.15,0.1288711288711288,0.3,0.1288711288711288,0.3,0.2617382617382617,0.6000000000000001,0.2617382617382617,0.6000000000000001
3922529,11187,,0.0027777584891737,0.0027777584891737,False,11,17.776234933557134,0.6529791951290198,0.2657342657342657,0.15,0.2657342657342657,0.15,0.3376623376623376,0.3,0.3376623376623376,0.3,0.3736263736263736,0.6000000000000001,0.3736263736263736,0.6000000000000001
393490406,24810,,0.0083334591454331,0.0083334591454331,False,23,49.606166848826206,0.4019181206304694,0.8901098901098901,0.15,0.8901098901098901,0.15,0.8971028971028971,0.3,0.8971028971028971,0.3,0.9150849150849152,0.6000000000000001,0.9150849150849152,0.6000000000000001
393490564,8950,,0.0027777961522588,0.0027777961522588,False,15,17.777887286170426,0.570894647961579,0.3796203796203796,0.15,0.3796203796203796,0.15,0.3096903096903097,0.3,0.3096903096903097,0.3,0.2347652347652347,0.6000000000000001,0.2347652347652347,0.6000000000000001
393491843,25462,,0.008333464957559,0.008333464957559,False,18,49.60620849460315,0.5698326188448269,0.0619380619380619,0.15,0.0619380619380619,0.15,0.0799200799200799,0.3,0.0799200799200799,0.3,0.0949050949050949,0.6000000000000001,0.0949050949050949,0.6000000000000001
393962765,16544,,0.0055555133196776,0.0055555133196776,False,17,24.90386617047352,0.5766942513311557,0.2397602397602397,0.15,0.2397602397602397,0.15,0.2107892107892107,0.3,0.2107892107892107,0.3,0.2427572427572427,0.6000000000000001,0.2427572427572427,0.6000000000000001
393963749,16545,0.0055555123876729,0.0055555123876729,0.0055555123876729,True,15,24.903863076154263,0.5081071475494406,0.3886113886113886,0.15,0.3886113886113886,0.15,0.3506493506493506,0.3,0.3506493506493506,0.3,0.3486513486513486,0.6000000000000001,0.3486513486513486,0.6000000000000001
393964275,16545,,0.005555500745686,0.005555500745686,False,16,24.90381706881908,0.4697916785826099,0.6573426573426573,0.15,0.6573426573426573,0.15,0.6263736263736264,0.3,0.6263736263736264,0.3,0.6293706293706294,0.6000000000000001,0.6293706293706294,0.6000000000000001
393964361,16544,,0.0055554988834956,0.0055554988834956,False,10,24.90380981754151,0.625456723510517,0.1818181818181818,0.15,0.1818181818181818,0.15,0.2317682317682317,0.3,0.2317682317682317,0.3,0.3076923076923077,0.6000000000000001,0.3076923076923077,0.6000000000000001
394494795,16490,,0.0055554885996116,0.0055554885996116,False,15,25.37735975975579,0.6647131337213844,0.0999000999000999,0.15,0.0999000999000999,0.15,0.1288711288711288,0.3,0.1288711288711288,0.3,0.1328671328671328,0.6000000000000001,0.1328671328671328,0.6000000000000001
3965116,11133,,0.0027777594202689,0.0027777594202689,False,14,17.77624342489071,0.5157012301313054,0.8201798201798202,0.15,0.8201798201798202,0.15,0.8101898101898102,0.3,0.8101898101898102,0.3,0.7812187812187812,0.6000000000000001,0.7812187812187812,0.6000000000000001
396695653,8805,0.0027778028488683,0.0027778028488683,0.0027778028488683,True,10,17.7779301204896,0.5810888207197739,0.7512487512487512,0.15,0.7512487512487512,0.15,0.7342657342657343,0.3,0.7342657342657343,0.3,0.7732267732267732,0.6000000000000001,0.7732267732267732,0.6000000000000001
396720311,8999,,0.0027777992399933,0.0027777992399933,False,3,17.777908058738376,0.9500991308490404,0.0249750249750249,0.15,0.0249750249750249,0.15,0.1168831168831168,0.3,0.1168831168831168,0.3,0.2147852147852147,0.6000000000000001,0.2147852147852147,0.6000000000000001
396721425,25361,,0.0083334783619193,0.0083334783619193,False,22,49.606272644742376,0.4587933442822728,0.3086913086913087,0.15,0.3086913086913087,0.15,0.4675324675324675,0.3,0.4675324675324675,0.3,0.5154845154845155,0.6000000000000001,0.5154845154845155,0.6000000000000001
396721668,8842,,0.0027777986529144,0.0027777986529144,False,7,17.77790326009881,0.760045820298658,0.2947052947052947,0.15,0.2947052947052947,0.15,0.2867132867132867,0.3,0.2867132867132867,0.3,0.2947052947052947,0.6000000000000001,0.2947052947052947,0.6000000000000001
396721744,8858,,0.0027777972616149,0.0027777972616149,False,10,17.777894818590994,0.6351605274680124,0.5394605394605395,0.15,0.5394605394605395,0.15,0.5054945054945055,0.3,0.5054945054945055,0.3,0.5244755244755245,0.6000000000000001,0.5244755244755245,0.6000000000000001
396723074,8925,0.0027777988851767,0.0027777988851767,0.0027777988851767,True,6,17.777904911100904,0.7806461157802086,0.1448551448551448,0.15,0.1448551448551448,0.15,0.1378621378621378,0.3,0.1378621378621378,0.3,0.1538461538461538,0.6000000000000001,0.1538461538461538,0.6000000000000001
3990356,11188,,0.0027777608174801,0.0027777608174801,False,5,17.776248773476254,0.6948839909367233,0.3436563436563437,0.15,0.3436563436563437,0.15,0.4365634365634365,0.3,0.4365634365634365,0.3,0.5084915084915085,0.6000000000000001,0.5084915084915085,0.6000000000000001
3990380,11187,,0.0027777608174801,0.0027777608174801,False,8,17.77624903238393,0.6052039557302165,0.7012987012987013,0.15,0.7012987012987013,0.15,0.7542457542457542,0.3,0.7542457542457542,0.3,0.8041958041958042,0.6000000000000001,0.8041958041958042,0.6000000000000001
40043612,11154,,0.0027777268232966,0.0027777268232966,False,14,17.774656151350882,0.4971205896877774,0.8251748251748252,0.15,0.8251748251748252,0.15,0.8421578421578422,0.3,0.8421578421578422,0.3,0.8541458541458542,0.6000000000000001,0.8541458541458542,0.6000000000000001
40045054,11181,,0.2055521640227198,0.2055521640227198,False,1,17.773296907020494,,,,,,,,,,,,,
40046362,11187,,0.0027777384655109,0.0027777384655109,False,7,17.774724515084472,0.7791431552425186,0.3266733266733266,0.15,0.3266733266733266,0.15,0.3526473526473526,0.3,0.3526473526473526,0.3,0.3976023976023976,0.6000000000000001,0.3976023976023976,0.6000000000000001
40047077,11160,0.0194441236237707,0.0194441236237707,0.0194441236237707,True,18,17.77468535622984,0.8909049529428611,0.0009990009990009,0.15,0.0009990009990009,0.15,0.0009990009990009,0.3,0.0009990009990009,0.3,0.0009990009990009,0.6000000000000001,0.0009990009990009,0.6000000000000001
40059019,11136,,0.0027777300836078,0.0027777300836078,False,4,17.77467715267494,0.953883511026274,0.1578421578421578,0.15,0.1578421578421578,0.15,0.1998001998001998,0.3,0.1998001998001998,0.3,0.2417582417582417,0.6000000000000001,0.2417582417582417,0.6000000000000001
40060706,11169,,0.0027777349730513,0.0027777349730513,False,10,17.774705300968435,0.5427916264010971,0.8271728271728271,0.15,0.8271728271728271,0.15,0.8101898101898102,0.3,0.8101898101898102,0.3,0.8041958041958042,0.6000000000000001,0.8041958041958042,0.6000000000000001
40083560,11186,,0.0027777333440326,0.0027777333440326,False,10,17.774695396818515,0.5886499723714248,0.5354645354645354,0.15,0.5354645354645354,0.15,0.4915084915084915,0.3,0.4915084915084915,0.3,0.5854145854145855,0.6000000000000001,0.5854145854145855,0.6000000000000001
40103277,11186,,0.0027777361372045,0.0027777361372045,False,7,17.774710021376904,0.772959322852252,0.2057942057942058,0.15,0.2057942057942058,0.15,0.2937062937062937,0.3,0.2937062937062937,0.3,0.3026973026973027,0.6000000000000001,0.3026973026973027,0.6000000000000001
40103287,11185,,0.0027777356724527,0.0027777356724527,False,2,17.774709244653877,0.9972896199282932,0.0609390609390609,0.15,0.0609390609390609,0.15,0.1328671328671328,0.3,0.1328671328671328,0.3,0.1588411588411588,0.6000000000000001,0.1588411588411588,0.6000000000000001
40182390,11103,,0.0027777389318544,0.0027777389318544,False,11,17.774734104913023,0.6852505098724799,0.1368631368631368,0.15,0.1368631368631368,0.15,0.1688311688311688,0.3,0.1688311688311688,0.3,0.1488511488511488,0.6000000000000001,0.1488511488511488,0.6000000000000001
401838575,27489,,0.0333335948689637,0.0333335948689637,False,4,49.60430010862319,0.9325975217917436,0.4915084915084915,0.15,0.4915084915084915,0.15,0.4085914085914086,0.3,0.4085914085914086,0.3,0.3976023976023976,0.6000000000000001,0.3976023976023976,0.6000000000000001
401838756,27480,,0.0083334080318309,0.0083334080318309,False,14,49.604352770723835,0.6042761583756863,0.0449550449550449,0.15,0.0449550449550449,0.15,0.1878121878121878,0.3,0.1878121878121878,0.3,0.3196803196803197,0.6000000000000001,0.3196803196803197,0.6000000000000001
401890220,11330,,0.0027778073890658,0.0027778073890658,False,8,17.77796162166078,0.8101042168236239,0.0659340659340659,0.15,0.0659340659340659,0.15,0.0789210789210789,0.3,0.0789210789210789,0.3,0.0769230769230769,0.6000000000000001,0.0769230769230769,0.6000000000000001
401985735,16545,,0.0055554923642375,0.0055554923642375,False,10,24.90378574471561,0.6212748287266114,0.3366633366633366,0.15,0.3366633366633366,0.15,0.4715284715284715,0.3,0.4715284715284715,0.3,0.5244755244755245,0.6000000000000001,0.5244755244755245,0.6000000000000001
401986029,16545,,0.0055554984173795,0.0055554984173795,False,17,24.90380852765975,0.4790993898280671,0.7142857142857143,0.15,0.7142857142857143,0.15,0.7082917082917083,0.3,0.7082917082917083,0.3,0.7062937062937062,0.6000000000000001,0.7062937062937062,0.6000000000000001
402026350,16543,0.0055555002804794,0.0055555002804794,0.0055555002804794,True,21,24.903820003882178,0.3960454476081366,0.935064935064935,0.15,0.935064935064935,0.15,0.9310689310689312,0.3,0.9310689310689312,0.3,0.9010989010989012,0.6000000000000001,0.9010989010989012,0.6000000000000001
402028212,16543,,0.005555584331887,0.005555584331887,False,10,24.90424430373696,0.6652898456341716,0.0939060939060939,0.15,0.0939060939060939,0.15,0.1508491508491508,0.3,0.1508491508491508,0.3,0.1838161838161838,0.6000000000000001,0.1838161838161838,0.6000000000000001
402041756,16544,,0.0055555803737661,0.0055555803737661,False,13,24.904228566480924,0.5879105472560685,0.3106893106893107,0.15,0.3106893106893107,0.15,0.4145854145854146,0.3,0.4145854145854146,0.3,0.4375624375624375,0.6000000000000001,0.4375624375624375,0.6000000000000001
402042483,16544,,0.0055556024935867,0.0055556024935867,False,10,24.90432724592847,0.8214310921195593,0.0179820179820179,0.15,0.0179820179820179,0.15,0.0119880119880119,0.3,0.0119880119880119,0.3,0.0159840159840159,0.6000000000000001,0.0159840159840159,0.6000000000000001
402103411,16492,,0.0055555258513777,0.0055555258513777,False,15,25.379010641933743,0.6297048397588267,0.1348651348651348,0.15,0.1348651348651348,0.15,0.1588411588411588,0.3,0.1588411588411588,0.3,0.1368631368631368,0.6000000000000001,0.1368631368631368,0.6000000000000001
402112759,16545,,0.0055556586053171,0.0055556586053171,False,15,24.90453236227495,0.4685086306014011,0.6693306693306693,0.15,0.6693306693306693,0.15,0.6563436563436563,0.3,0.6563436563436563,0.3,0.6453546453546454,0.6000000000000001,0.6453546453546454,0.6000000000000001
402128282,16546,,0.0055556739716848,0.0055556739716848,False,10,24.90598603527451,0.6419690725781131,0.2077922077922078,0.15,0.2077922077922078,0.15,0.2817182817182817,0.3,0.2817182817182817,0.3,0.2827172827172827,0.6000000000000001,0.2827172827172827,0.6000000000000001
402129242,16542,,0.0055556516213073,0.0055556516213073,False,14,24.904505212359258,0.6373123579453126,0.1148851148851148,0.15,0.1148851148851148,0.15,0.1468531468531468,0.3,0.1468531468531468,0.3,0.1788211788211788,0.6000000000000001,0.1788211788211788,0.6000000000000001
402129745,16544,,0.0055556735073878,0.0055556735073878,False,18,24.905985392661933,0.455791864426941,0.7142857142857143,0.15,0.7142857142857143,0.15,0.7272727272727273,0.3,0.7272727272727273,0.3,0.7032967032967034,0.6000000000000001,0.7032967032967034,0.6000000000000001
402129754,16545,0.0055556739721396,0.0055556739721396,0.0055556739721396,True,14,24.90598618428612,0.5571994957056262,0.4945054945054945,0.15,0.4945054945054945,0.15,0.4855144855144855,0.3,0.4855144855144855,0.3,0.4645354645354645,0.6000000000000001,0.4645354645354645,0.6000000000000001
402130354,16544,,0.0055556609340783,0.0055556609340783,False,13,24.904544130932663,0.6009908601948198,0.4335664335664335,0.15,0.4335664335664335,0.15,0.5034965034965035,0.3,0.5034965034965035,0.3,0.5334665334665335,0.6000000000000001,0.5334665334665335,0.6000000000000001
404462097,10858,,0.0027777994680491,0.0027777994680491,False,4,17.776502181692194,0.9404928499610988,0.0739260739260739,0.15,0.0739260739260739,0.15,0.0749250749250749,0.3,0.0749250749250749,0.3,0.0989010989010989,0.6000000000000001,0.0989010989010989,0.6000000000000001
405428615,16490,,0.0055554769581931,0.0055554769581931,False,12,25.377392368851588,0.5592386499319574,0.5594405594405595,0.15,0.5594405594405595,0.15,0.6333666333666333,0.3,0.6333666333666333,0.3,0.6793206793206793,0.6000000000000001,0.6793206793206793,0.6000000000000001
405428895,16487,0.0055554718360326,0.0055554718360326,0.0055554718360326,True,16,25.37737052398211,0.4795575960219387,0.6983016983016983,0.15,0.6983016983016983,0.15,0.7372627372627373,0.3,0.7372627372627373,0.3,0.7492507492507493,0.6000000000000001,0.7492507492507493,0.6000000000000001
406351414,11154,,0.0027777170450917,0.0027777170450917,False,8,17.774597371392247,0.8767148011457435,0.1108891108891109,0.15,0.1108891108891109,0.15,0.1278721278721278,0.3,0.1278721278721278,0.3,0.1398601398601398,0.6000000000000001,0.1398601398601398,0.6000000000000001
406353280,11187,,0.00277771564879,0.00277771564879,False,14,17.774589196708348,0.5218489873629074,0.6993006993006993,0.15,0.6993006993006993,0.15,0.6963036963036963,0.3,0.6963036963036963,0.3,0.7062937062937062,0.6000000000000001,0.7062937062937062,0.6000000000000001
406353865,11170,,0.0027777226330272,0.0027777226330272,False,3,17.774629384674427,0.965671043562878,0.1628371628371628,0.15,0.1628371628371628,0.15,0.2407592407592407,0.3,0.2407592407592407,0.3,0.2637362637362637,0.6000000000000001,0.2637362637362637,0.6000000000000001
407581546,16489,,0.0055554683432319,0.0055554683432319,False,16,25.377345082810507,0.4745778552403497,0.6993006993006993,0.15,0.6993006993006993,0.15,0.7092907092907093,0.3,0.7092907092907093,0.3,0.7032967032967034,0.6000000000000001,0.7032967032967034,0.6000000000000001
408004431,11186,0.0027777203055165,0.0027777203055165,0.0027777203055165,True,2,17.77322801755531,1.0,0.0589410589410589,0.15,0.0589410589410589,0.15,0.1088911088911089,0.3,0.1088911088911089,0.3,0.1148851148851148,0.6000000000000001,0.1148851148851148,0.6000000000000001
408013652,11186,,0.0027777203047207,0.0027777203047207,False,8,17.774614318669137,0.6322988755094728,0.4535464535464535,0.15,0.4535464535464535,0.15,0.4185814185814185,0.3,0.4185814185814185,0.3,0.4175824175824176,0.6000000000000001,0.4175824175824176,0.6000000000000001
408016281,11187,,0.0027777640768817,0.0027777640768817,False,9,17.77626847607098,0.5208700906539343,0.8361638361638362,0.15,0.8361638361638362,0.15,0.8381618381618382,0.3,0.8381618381618382,0.3,0.8941058941058941,0.6000000000000001,0.8941058941058941,0.6000000000000001
408037026,11187,,0.0027777668710768,0.0027777668710768,False,10,17.776286425916624,0.5400089132640856,0.6593406593406593,0.15,0.6593406593406593,0.15,0.6653346653346653,0.3,0.6653346653346653,0.3,0.6813186813186813,0.6000000000000001,0.6813186813186813,0.6000000000000001
408047708,11211,,0.0027777859629622,0.0027777859629622,False,14,17.776399044236314,0.6403977315352303,0.2537462537462537,0.15,0.2537462537462537,0.15,0.1818181818181818,0.3,0.1818181818181818,0.3,0.2067932067932067,0.6000000000000001,0.2067932067932067,0.6000000000000001
408049337,11157,,0.0027777850325492,0.0027777850325492,False,13,17.7763987857943,0.5644940321725369,0.4545454545454545,0.15,0.4545454545454545,0.15,0.3896103896103896,0.3,0.3896103896103896,0.3,0.4545454545454545,0.6000000000000001,0.4545454545454545,0.6000000000000001
408067963,11173,,0.0027777873604009,0.0027777873604009,False,10,17.77641122966088,0.5361500754850064,0.7142857142857143,0.15,0.7142857142857143,0.15,0.7222777222777222,0.3,0.7222777222777222,0.3,0.7782217782217782,0.6000000000000001,0.7782217782217782,0.6000000000000001
408069339,11213,,0.0027777948107541,0.0027777948107541,False,3,17.776453323112946,0.9875472888747828,0.0149850149850149,0.15,0.0149850149850149,0.15,0.1108891108891109,0.3,0.1108891108891109,0.3,0.1638361638361638,0.6000000000000001,0.1638361638361638,0.6000000000000001
408070719,11213,,0.0027777901541412,0.0027777901541412,False,7,17.77642565212227,0.8012568689516697,0.3446553446553446,0.15,0.3446553446553446,0.15,0.3846153846153846,0.3,0.3846153846153846,0.3,0.4315684315684315,0.6000000000000001,0.4315684315684315,0.6000000000000001
408083407,11143,0.0027777882912687,0.0027777882912687,0.0027777882912687,True,7,17.776417301884067,0.9067615590326206,0.0069930069930069,0.15,0.0069930069930069,0.15,0.0309690309690309,0.3,0.0309690309690309,0.3,0.0479520479520479,0.6000000000000001,0.0479520479520479,0.6000000000000001
408083839,11160,,0.0027777906195751,0.0027777906195751,False,9,17.776430876841914,0.6580757720918962,0.3086913086913087,0.15,0.3086913086913087,0.15,0.3336663336663337,0.3,0.3336663336663337,0.3,0.3316683316683316,0.6000000000000001,0.3316683316683316,0.6000000000000001
410135251,16428,,0.0055555125810542,0.0055555125810542,False,15,25.37890203365623,0.4933477471185878,0.7902097902097902,0.15,0.7902097902097902,0.15,0.8081918081918081,0.3,0.8081918081918081,0.3,0.8011988011988012,0.6000000000000001,0.8011988011988012,0.6000000000000001
410212351,16490,,0.0055555225931129,0.0055555225931129,False,14,25.378970799954004,0.5334574694491871,0.5984015984015985,0.15,0.5984015984015985,0.15,0.6163836163836164,0.3,0.6163836163836164,0.3,0.6733266733266733,0.6000000000000001,0.6733266733266733,0.6000000000000001
410253041,16488,,0.0055554650832618,0.0055554650832618,False,10,25.377340962173776,0.62873591892666,0.4785214785214785,0.15,0.4785214785214785,0.15,0.5214785214785215,0.3,0.5214785214785215,0.3,0.5694305694305695,0.6000000000000001,0.5694305694305695,0.6000000000000001
410255881,16490,,0.0055554532090127,0.0055554532090127,False,15,25.377293149004117,0.5823518268609232,0.2237762237762237,0.15,0.2237762237762237,0.15,0.2357642357642357,0.3,0.2357642357642357,0.3,0.2877122877122877,0.6000000000000001,0.2877122877122877,0.6000000000000001
410442002,16489,,0.0055554611255956,0.0055554611255956,False,13,25.37725661182253,0.59033934035662,0.5134865134865135,0.15,0.5134865134865135,0.15,0.6023976023976024,0.3,0.6023976023976024,0.3,0.6583416583416584,0.6000000000000001,0.6583416583416584,0.6000000000000001
41861999,27527,,0.0083333970887906,0.0083333970887906,False,26,49.6042671295595,0.516945254753649,0.0579420579420579,0.15,0.0579420579420579,0.15,0.0529470529470529,0.3,0.0529470529470529,0.3,0.0529470529470529,0.6000000000000001,0.0529470529470529,0.6000000000000001
41898474,27614,,0.4583371214835097,0.4583371214835097,False,5,49.604301162181855,0.959137898829132,0.0009990009990009,0.15,0.0879120879120879,1.375011364450529,0.0009990009990009,0.3,0.0879120879120879,1.375011364450529,0.0129870129870129,0.6000000000000001,0.0879120879120879,1.375011364450529
419016040,10892,,0.0027778013300121,0.0027778013300121,False,3,17.77512231927767,0.9768901908255097,0.0439560439560439,0.15,0.0439560439560439,0.15,0.1218781218781218,0.3,0.1218781218781218,0.3,0.1998001998001998,0.6000000000000001,0.1998001998001998,0.6000000000000001
419051315,16545,0.0500011160437452,0.0500011160437452,0.0500011160437452,True,13,24.904592241194223,0.6358196183232957,0.2047952047952048,0.15,0.2047952047952048,0.1500033481312356,0.2917082917082917,0.3,0.2917082917082917,0.3,0.2967032967032967,0.6000000000000001,0.2967032967032967,0.6000000000000001
42074448,10949,,0.0027777496416092,0.0027777496416092,False,17,17.776198297655355,0.6600538861130951,0.0789210789210789,0.15,0.0789210789210789,0.15,0.0669330669330669,0.3,0.0669330669330669,0.3,0.0799200799200799,0.6000000000000001,0.0799200799200799,0.6000000000000001
421873120,16487,,0.0055554823134116,0.0055554823134116,False,13,25.377391724143536,0.5285489802077801,0.3836163836163836,0.15,0.3836163836163836,0.15,0.3976023976023976,0.3,0.3976023976023976,0.3,0.4165834165834166,0.6000000000000001,0.4165834165834166,0.6000000000000001
421937394,16490,,0.0055554688083248,0.0055554688083248,False,6,25.377343164984495,0.8279217312382141,0.0669330669330669,0.15,0.0669330669330669,0.15,0.2617382617382617,0.3,0.2617382617382617,0.3,0.4055944055944055,0.6000000000000001,0.4055944055944055,0.6000000000000001
423662790,11075,,0.0555544992448631,0.0555544992448631,False,1,17.77465193618491,,,,,,,,,,,,,
425881596,33033,,0.0111111248247652,0.0111111248247652,False,32,53.716459310888695,0.3911391195652232,0.3806193806193806,0.15,0.3806193806193806,0.15,0.3836163836163836,0.3,0.3836163836163836,0.3,0.4335664335664335,0.6000000000000001,0.4335664335664335,0.6000000000000001
425883009,33033,,0.0111111252906539,0.0111111252906539,False,31,53.71643753936087,0.3775509742693533,0.6843156843156843,0.15,0.6843156843156843,0.15,0.7512487512487512,0.3,0.7512487512487512,0.3,0.7552447552447552,0.6000000000000001,0.7552447552447552,0.6000000000000001
425883195,33033,,0.0111111250571411,0.0111111250571411,False,30,53.71647579459977,0.3273386498007637,0.952047952047952,0.15,0.952047952047952,0.15,0.955044955044955,0.3,0.955044955044955,0.3,0.949050949050949,0.6000000000000001,0.949050949050949,0.6000000000000001
425884565,33034,,0.01111113111142,0.01111113111142,False,30,53.71647376757619,0.4574525589757229,0.2397602397602397,0.15,0.2397602397602397,0.15,0.2717282717282717,0.3,0.2717282717282717,0.3,0.3146853146853147,0.6000000000000001,0.3146853146853147,0.6000000000000001
425931703,33032,0.0111110819838131,0.0111110819838131,0.0111110819838131,True,33,53.716274013181874,0.3940998807645903,0.5854145854145855,0.15,0.5854145854145855,0.15,0.5694305694305695,0.3,0.5694305694305695,0.3,0.5974025974025974,0.6000000000000001,0.5974025974025974,0.6000000000000001
425936552,33029,0.4888898098656682,0.4888898098656682,0.4888898098656682,True,6,53.71650188616263,0.9749757369233628,0.0009990009990009,0.15,0.0939060939060939,1.4666694295970046,0.0019980019980019,0.3,0.0939060939060939,1.4666694295970046,0.0149850149850149,0.6000000000000001,0.0939060939060939,1.4666694295970046
425938730,33035,,0.011111115976746,0.011111115976746,False,28,53.71644850205416,0.4576974047939393,0.1728271728271728,0.15,0.1728271728271728,0.15,0.1858141858141858,0.3,0.1858141858141858,0.3,0.2207792207792207,0.6000000000000001,0.2207792207792207,0.6000000000000001
426012953,33034,,0.0111110116692998,0.0111110116692998,False,34,53.716037664652504,0.3405152146311023,0.9530469530469532,0.15,0.9530469530469532,0.15,0.952047952047952,0.3,0.952047952047952,0.3,0.971028971028971,0.6000000000000001,0.971028971028971,0.6000000000000001
43362331,16545,,0.0055556744378009,0.0055556744378009,False,11,24.905981374005023,0.5692957836336816,0.5614385614385614,0.15,0.5614385614385614,0.15,0.7082917082917083,0.3,0.7082917082917083,0.3,0.7762237762237763,0.6000000000000001,0.7762237762237763,0.6000000000000001
439455229,10983,,0.0027777603518188,0.0027777603518188,False,8,17.776258540256094,0.7065029134000596,0.1378621378621378,0.15,0.1378621378621378,0.15,0.1548451548451548,0.3,0.1548451548451548,0.3,0.1978021978021978,0.6000000000000001,0.1978021978021978,0.6000000000000001
439460890,11014,,0.0027777617490301,0.0027777617490301,False,10,17.776266318196576,0.6312941743132114,0.4445554445554445,0.15,0.4445554445554445,0.15,0.4385614385614386,0.3,0.4385614385614386,0.3,0.4905094905094905,0.6000000000000001,0.4905094905094905,0.6000000000000001
439463902,10979,,0.0027777664045061,0.0027777664045061,False,10,17.776294131679606,0.6428540463490394,0.1578421578421578,0.15,0.1578421578421578,0.15,0.1738261738261738,0.3,0.1738261738261738,0.3,0.2697302697302697,0.6000000000000001,0.2697302697302697,0.6000000000000001
439466001,11076,,0.0027777691993833,0.0027777691993833,False,11,17.776308332020562,0.5935986591462978,0.4995004995004995,0.15,0.4995004995004995,0.15,0.5324675324675324,0.3,0.5324675324675324,0.3,0.5264735264735265,0.6000000000000001,0.5264735264735265,0.6000000000000001
439492792,11077,,0.0694442649091797,0.0694442649091797,False,10,17.776317278770875,0.7003761795723151,0.6183816183816184,0.15,0.6123876123876124,0.2083327947275393,0.6083916083916084,0.3,0.6083916083916084,0.3,0.5894105894105894,0.6000000000000001,0.5894105894105894,0.6000000000000001
441056293,16545,0.0055556586048624,0.0055556586048624,0.0055556586048624,True,14,24.90448737380666,0.564034425124543,0.4885114885114885,0.15,0.4885114885114885,0.15,0.4505494505494505,0.3,0.4505494505494505,0.3,0.4905094905094905,0.6000000000000001,0.4905094905094905,0.6000000000000001
441193637,16407,0.005555675794767,0.005555675794767,0.005555675794767,True,17,25.26010904127861,0.4818438602495638,0.5634365634365635,0.15,0.5634365634365635,0.15,0.5564435564435565,0.3,0.5564435564435565,0.3,0.5864135864135864,0.6000000000000001,0.5864135864135864,0.6000000000000001
441428637,15936,,0.0041666123754566,0.0041666123754566,False,6,24.593969210498017,0.8656454427496333,0.0719280719280719,0.15,0.0719280719280719,0.15,0.1838161838161838,0.3,0.1838161838161838,0.3,0.2877122877122877,0.6000000000000001,0.2877122877122877,0.6000000000000001
441491515,11138,,0.0027777827029922,0.0027777827029922,False,4,17.776385940062028,0.8992435618943769,0.0629370629370629,0.15,0.0629370629370629,0.15,0.2957042957042957,0.3,0.2957042957042957,0.3,0.3856143856143856,0.6000000000000001,0.3856143856143856,0.6000000000000001
441493794,11136,,0.0027777822378993,0.0027777822378993,False,9,17.774995248228606,0.6065732156658783,0.7942057942057942,0.15,0.7942057942057942,0.15,0.7852147852147852,0.3,0.7852147852147852,0.3,0.7752247752247752,0.6000000000000001,0.7752247752247752,0.6000000000000001
44624744,16489,,0.0055556348174832,0.0055556348174832,False,6,25.379408022608004,0.8204396582331461,0.0459540459540459,0.15,0.0459540459540459,0.15,0.2337662337662337,0.3,0.2337662337662337,0.3,0.3726273726273726,0.6000000000000001,0.3726273726273726,0.6000000000000001
44624757,16490,,0.3555606282752706,0.3555606282752706,False,0,25.37940669733598,,,,,,,,,,,,,
44626145,16488,0.1444464931414586,0.1444464931414586,0.1444464931414586,True,0,25.379406804438077,,,,,,,,,,,,,
469914390,15274,,0.3083381027954601,0.3083381027954601,False,2,23.950268393457463,1.0,0.1278721278721278,0.15,0.1608391608391608,0.9250143083863804,0.1668331668331668,0.3,0.1608391608391608,0.9250143083863804,0.1648351648351648,0.6000000000000001,0.1608391608391608,0.9250143083863804
469933344,13406,,0.0041667078393174,0.0041667078393174,False,12,21.714103564598645,0.5519669397848781,0.5144855144855145,0.15,0.5144855144855145,0.15,0.4985014985014985,0.3,0.4985014985014985,0.3,0.5084915084915085,0.6000000000000001,0.5084915084915085,0.6000000000000001
469933397,16491,,0.0055556408715347,0.0055556408715347,False,14,25.379462381578374,0.5630124668992114,0.3646353646353646,0.15,0.3646353646353646,0.15,0.4175824175824176,0.3,0.4175824175824176,0.3,0.4445554445554445,0.6000000000000001,0.4445554445554445,0.6000000000000001
469939293,15806,,0.0333330966750509,0.0333330966750509,False,9,23.860887526670012,0.7071239575823226,0.5374625374625375,0.15,0.5374625374625375,0.15,0.0089910089910089,0.3,0.0089910089910089,0.3,0.2027972027972027,0.6000000000000001,0.2027972027972027,0.6000000000000001
469939625,16544,,0.0055555240292051,0.0055555240292051,False,14,24.903958197716747,0.5022982548592149,0.5564435564435565,0.15,0.5564435564435565,0.15,0.6473526473526473,0.3,0.6473526473526473,0.3,0.6993006993006993,0.6000000000000001,0.6993006993006993,0.6000000000000001
469947160,16544,0.005555563842563,0.005555563842563,0.005555563842563,True,6,24.904154103748624,0.8544454465228146,0.0799200799200799,0.15,0.0799200799200799,0.15,0.2497502497502497,0.3,0.2497502497502497,0.3,0.3396603396603396,0.6000000000000001,0.3396603396603396,0.6000000000000001
469948126,16345,0.0055555736223595,0.0055555736223595,0.0055555736223595,True,16,24.620863635702335,0.5608787907267193,0.1898101898101898,0.15,0.1898101898101898,0.15,0.2047952047952048,0.3,0.2047952047952048,0.3,0.2267732267732267,0.6000000000000001,0.2267732267732267,0.6000000000000001
469966859,33034,,0.0111111322748911,0.0111111322748911,False,30,53.71647558458653,0.4526421073615538,0.2297702297702297,0.15,0.2297702297702297,0.15,0.2297702297702297,0.3,0.2297702297702297,0.3,0.2117882117882117,0.6000000000000001,0.2117882117882117,0.6000000000000001
469972461,33033,,0.0111111024725687,0.0111111024725687,False,20,53.716401962002465,0.5048068195832526,0.2577422577422577,0.15,0.2577422577422577,0.15,0.4445554445554445,0.3,0.4445554445554445,0.3,0.5454545454545454,0.6000000000000001,0.5454545454545454,0.6000000000000001
469980385,16490,0.0055555041992647,0.0055555041992647,0.0055555041992647,True,20,25.37748571438192,0.3451169769928853,1.0,0.15,1.0,0.15,0.996003996003996,0.3,0.996003996003996,0.3,0.995004995004995,0.6000000000000001,0.995004995004995,0.6000000000000001
52016952,16490,,0.0055555731166805,0.0055555731166805,False,13,25.37921564815133,0.6287180691383668,0.2427572427572427,0.15,0.2427572427572427,0.15,0.2997002997002997,0.3,0.2997002997002997,0.3,0.3236763236763236,0.6000000000000001,0.3236763236763236,0.6000000000000001
52077955,16490,0.0055555726514739,0.0055555726514739,0.0055555726514739,True,10,25.379216083777465,0.6182194922009328,0.2417582417582417,0.15,0.2417582417582417,0.15,0.4865134865134865,0.3,0.4865134865134865,0.3,0.5814185814185814,0.6000000000000001,0.5814185814185814,0.6000000000000001
52194213,33034,,0.0111110596324124,0.0111110596324124,False,25,53.71625256068046,0.4647553468245016,0.2857142857142857,0.15,0.2857142857142857,0.15,0.3306693306693307,0.3,0.3306693306693307,0.3,0.3476523476523476,0.6000000000000001,0.3476523476523476,0.6000000000000001
52257960,16489,,0.0055555840604029,0.0055555840604029,False,10,25.379271214814253,0.7051813435508646,0.1148851148851148,0.15,0.1148851148851148,0.15,0.1418581418581418,0.3,0.1418581418581418,0.3,0.2007992007992008,0.6000000000000001,0.2007992007992008,0.6000000000000001
52286391,16544,,0.0055554672176185,0.0055554672176185,False,15,24.902377532361697,0.5202771148731548,0.5584415584415584,0.15,0.5584415584415584,0.15,0.5774225774225774,0.3,0.5774225774225774,0.3,0.6383616383616384,0.6000000000000001,0.6383616383616384,0.6000000000000001
52307802,32791,,0.0111111032881581,0.0111111032881581,False,33,53.38169683621754,0.3990975750470029,0.3226773226773227,0.15,0.3226773226773227,0.15,0.3376623376623376,0.3,0.3376623376623376,0.3,0.3606393606393606,0.6000000000000001,0.3606393606393606,0.6000000000000001
52314170,33034,,0.5222196385777806,0.5222196385777806,False,11,53.71622634578557,0.7610377053635752,0.0029970029970029,0.15,0.4075924075924076,1.566658915733342,0.0769230769230769,0.3,0.4075924075924076,1.566658915733342,0.2137862137862138,0.6000000000000001,0.4075924075924076,1.566658915733342
52314627,16541,,0.0055554693144586,0.0055554693144586,False,8,24.90238856376118,0.7036715849994876,0.0819180819180819,0.15,0.0819180819180819,0.15,0.1678321678321678,0.3,0.1678321678321678,0.3,0.2527472527472527,0.6000000000000001,0.2527472527472527,0.6000000000000001
52315024,16544,,0.0055554800233039,0.0055554800233039,False,12,24.902433534185093,0.8035991836105622,0.0089910089910089,0.15,0.0089910089910089,0.15,0.0089910089910089,0.3,0.0089910089910089,0.3,0.0209790209790209,0.6000000000000001,0.0209790209790209,0.6000000000000001
52365497,16543,,0.0055554790938003,0.0055554790938003,False,14,24.902431412166607,0.512147702049806,0.4425574425574425,0.15,0.4425574425574425,0.15,0.5284715284715285,0.3,0.5284715284715285,0.3,0.6423576423576424,0.6000000000000001,0.6423576423576424,0.6000000000000001
52367601,16264,,0.00555548258626,0.00555548258626,False,15,24.508004703604,0.4645573917588362,0.8081918081918081,0.15,0.8081918081918081,0.15,0.8541458541458542,0.3,0.8541458541458542,0.3,0.919080919080919,0.6000000000000001,0.919080919080919,0.6000000000000001
53850732,16407,,0.0055556194504333,0.0055556194504333,False,1,25.26123791459304,,,,,,,,,,,,,
53894240,16409,,0.0055556241072736,0.0055556241072736,False,12,25.26542456903462,0.6410814503532943,0.3006993006993007,0.15,0.3006993006993007,0.15,0.3276723276723277,0.3,0.3276723276723277,0.3,0.3536463536463536,0.6000000000000001,0.3536463536463536,0.6000000000000001
53938270,16304,0.0055556292295477,0.0055556292295477,0.0055556292295477,True,18,25.271004091349823,0.3923736428053928,0.9590409590409592,0.15,0.9590409590409592,0.15,0.9690309690309692,0.3,0.9690309690309692,0.3,0.9470529470529472,0.6000000000000001,0.9470529470529472,0.6000000000000001
53976572,16343,,0.0055556301604156,0.0055556301604156,False,15,25.261287427892057,0.5041946963309203,0.6223776223776224,0.15,0.6223776223776224,0.15,0.6013986013986014,0.3,0.6013986013986014,0.3,0.5984015984015985,0.6000000000000001,0.5984015984015985,0.6000000000000001
55855870,11226,,0.0027777719935784,0.0027777719935784,False,6,17.77632020358942,0.7700370069998679,0.4735264735264735,0.15,0.4735264735264735,0.15,0.5004995004995005,0.3,0.5004995004995005,0.3,0.5584415584415584,0.6000000000000001,0.5584415584415584,0.6000000000000001
55856742,11075,,0.0027777696654993,0.0027777696654993,False,14,17.77631292576916,0.4246706080931792,0.982017982017982,0.15,0.982017982017982,0.15,0.977022977022977,0.3,0.977022977022977,0.3,0.965034965034965,0.6000000000000001,0.965034965034965,0.6000000000000001
60111124,16147,0.005555655771559,0.005555655771559,0.005555655771559,True,16,25.189190332617727,0.6226386499821621,0.1038961038961039,0.15,0.1038961038961039,0.15,0.0829170829170829,0.3,0.0829170829170829,0.3,0.0639360639360639,0.6000000000000001,0.0639360639360639,0.6000000000000001
60369879,16357,,0.0055556553061251,0.0055556553061251,False,13,25.189186891380817,0.6071198468840694,0.1598401598401598,0.15,0.1598401598401598,0.15,0.2177822177822178,0.3,0.2177822177822178,0.3,0.2427572427572427,0.6000000000000001,0.2427572427572427,0.6000000000000001
60371639,16355,,0.0055556594966219,0.0055556594966219,False,8,25.189204489652184,0.7452277755757186,0.1398601398601398,0.15,0.1398601398601398,0.15,0.2487512487512487,0.3,0.2487512487512487,0.3,0.3246753246753247,0.6000000000000001,0.3246753246753247,0.6000000000000001
61981778,16339,,0.0055556716044975,0.0055556716044975,False,13,25.16426144491038,0.5332684692224882,0.4135864135864135,0.15,0.4135864135864135,0.15,0.4665334665334665,0.3,0.4665334665334665,0.3,0.5654345654345654,0.6000000000000001,0.5654345654345654,0.6000000000000001
62221982,16354,,0.0055556771917508,0.0055556771917508,False,15,25.18928554870945,0.4925574220898527,0.7732267732267732,0.15,0.7732267732267732,0.15,0.7522477522477522,0.3,0.7522477522477522,0.3,0.7712287712287712,0.6000000000000001,0.7712287712287712,0.6000000000000001
62377610,16546,,0.0055556786293209,0.0055556786293209,False,9,24.905987691631708,0.682562595343454,0.0219780219780219,0.15,0.0219780219780219,0.15,0.0859140859140859,0.3,0.0859140859140859,0.3,0.2017982017982018,0.6000000000000001,0.2017982017982018,0.6000000000000001
63697276,16546,,0.0055556339247004,0.0055556339247004,False,16,24.904405012760435,0.5263324856801184,0.5224775224775224,0.15,0.5224775224775224,0.15,0.5274725274725275,0.3,0.5274725274725275,0.3,0.5554445554445554,0.6000000000000001,0.5554445554445554,0.6000000000000001
63697344,16545,,0.0055556320630785,0.0055556320630785,False,9,24.904398205723737,0.6629971413182604,0.3906093906093906,0.15,0.3906093906093906,0.15,0.5534465534465535,0.3,0.5534465534465535,0.3,0.6273726273726273,0.6000000000000001,0.6273726273726273,0.6000000000000001
63697556,16544,,0.0055556269398948,0.0055556269398948,False,16,24.90437684956578,0.427424264158873,0.8911088911088911,0.15,0.8911088911088911,0.15,0.8951048951048951,0.3,0.8951048951048951,0.3,0.8961038961038961,0.6000000000000001,0.8961038961038961,0.6000000000000001
66356538,16545,0.0055556586053171,0.0055556586053171,0.0055556586053171,True,14,24.90453588639957,0.5411972324269185,0.4415584415584415,0.15,0.4415584415584415,0.15,0.4955044955044955,0.3,0.4955044955044955,0.3,0.5124875124875125,0.6000000000000001,0.5124875124875125,0.6000000000000001
66357973,16543,,0.0055556506890752,0.0055556506890752,False,17,24.9045043252745,0.452182559725794,0.5774225774225774,0.15,0.5774225774225774,0.15,0.5474525474525475,0.3,0.5474525474525475,0.3,0.6323676323676324,0.6000000000000001,0.6323676323676324,0.6000000000000001
66374862,27771,,0.0083333933622498,0.0083333933622498,False,26,49.6042145911872,0.5517444528954633,0.0419580419580419,0.15,0.0419580419580419,0.15,0.0449550449550449,0.3,0.0449550449550449,0.3,0.0419580419580419,0.6000000000000001,0.0419580419580419,0.6000000000000001
66399111,27745,,0.1166672951972032,0.1166672951972032,False,17,49.60413410582464,0.5974206049193871,0.0199800199800199,0.15,0.1678321678321678,0.3500018855916096,0.1288711288711288,0.3,0.1678321678321678,0.3500018855916096,0.2487512487512487,0.6000000000000001,0.2487512487512487,0.6000000000000001
66410290,16545,,0.0055556553461428,0.0055556553461428,False,17,24.90452726980311,0.5634829032486898,0.3256743256743257,0.15,0.3256743256743257,0.15,0.2827172827172827,0.3,0.2827172827172827,0.3,0.2677322677322677,0.6000000000000001,0.2677322677322677,0.6000000000000001
66411836,27771,,0.0083333859112144,0.0083333859112144,False,13,49.60417822536897,0.5753128830025734,0.1608391608391608,0.15,0.1608391608391608,0.15,0.2757242757242757,0.3,0.2757242757242757,0.3,0.3656343656343656,0.6000000000000001,0.3656343656343656,0.6000000000000001
66412048,27770,,0.0083333752008911,0.0083333752008911,False,27,49.60411858253997,0.3943489533279969,0.7652347652347652,0.15,0.7652347652347652,0.15,0.7852147852147852,0.3,0.7852147852147852,0.3,0.7822177822177823,0.6000000000000001,0.7822177822177823,0.6000000000000001
66435575,27768,,0.0083333859108734,0.0083333859108734,False,4,49.60418137277361,0.9429994621552584,0.0169830169830169,0.15,0.0169830169830169,0.15,0.1288711288711288,0.3,0.1288711288711288,0.3,0.2557442557442557,0.6000000000000001,0.2557442557442557,0.6000000000000001
66536204,11074,,0.0027777708290841,0.0027777708290841,False,10,17.776316573294025,0.6830864155772022,0.5854145854145855,0.15,0.5854145854145855,0.15,0.5754245754245755,0.3,0.5754245754245755,0.3,0.5784215784215784,0.6000000000000001,0.5784215784215784,0.6000000000000001
67544844,27768,,0.0083333984844102,0.0083333984844102,False,22,49.60425704785507,0.496800369112564,0.2337662337662337,0.15,0.2337662337662337,0.15,0.2237762237762237,0.3,0.2237762237762237,0.3,0.2677322677322677,0.6000000000000001,0.2677322677322677,0.6000000000000001
70420258,15870,,0.0041667390346447,0.0041667390346447,False,15,25.189178152315435,0.5520232068680381,0.3576423576423576,0.15,0.3576423576423576,0.15,0.4375624375624375,0.3,0.4375624375624375,0.3,0.4645354645354645,0.6000000000000001,0.4645354645354645,0.6000000000000001
70722627,16544,0.0055555840995111,0.0055555840995111,0.0055555840995111,True,2,24.904182557515924,1.0,0.0339660339660339,0.15,0.0339660339660339,0.15,0.0619380619380619,0.3,0.0619380619380619,0.3,0.1048951048951049,0.6000000000000001,0.1048951048951049,0.6000000000000001
70723644,16546,,0.0055555906187692,0.0055555906187692,False,9,24.90420974468452,0.7402155640932796,0.0259740259740259,0.15,0.0259740259740259,0.15,0.0669330669330669,0.3,0.0669330669330669,0.3,0.1208791208791208,0.6000000000000001,0.1208791208791208,0.6000000000000001
70723782,16546,,0.0055555952744725,0.0055555952744725,False,18,24.904227692201857,0.4679790832800776,0.6963036963036963,0.15,0.6963036963036963,0.15,0.6833166833166833,0.3,0.6833166833166833,0.3,0.7442557442557443,0.6000000000000001,0.7442557442557443,0.6000000000000001
70742137,16546,,0.0055556055190209,0.0055556055190209,False,17,24.904269966330503,0.4793367891146118,0.6683316683316683,0.15,0.6683316683316683,0.15,0.7032967032967034,0.3,0.7032967032967034,0.3,0.7242757242757243,0.6000000000000001,0.7242757242757243,0.6000000000000001
70744199,16527,,0.0555560598695592,0.0555560598695592,False,5,24.90427375588206,0.904967733238656,0.3116883116883117,0.15,0.3926073926073926,0.1666681796086777,0.5104895104895105,0.3,0.5104895104895105,0.3,0.6853146853146853,0.6000000000000001,0.6853146853146853,0.6000000000000001
70744320,16546,0.0055556064503434,0.0055556064503434,0.0055556064503434,True,4,24.904274829231326,0.9465756787259952,0.0189810189810189,0.15,0.0189810189810189,0.15,0.1658341658341658,0.3,0.1658341658341658,0.3,0.2857142857142857,0.6000000000000001,0.2857142857142857,0.6000000000000001
70762901,16543,,0.0055556031907144,0.0055556031907144,False,4,24.904262118075167,0.8736622199712748,0.2487512487512487,0.15,0.2487512487512487,0.15,0.4715284715284715,0.3,0.4715284715284715,0.3,0.5034965034965035,0.6000000000000001,0.5034965034965035,0.6000000000000001
70763084,16545,,0.0055556083143528,0.0055556083143528,False,3,24.904284389257555,0.9814248635331868,0.0659340659340659,0.15,0.0659340659340659,0.15,0.1508491508491508,0.3,0.1508491508491508,0.3,0.2047952047952048,0.6000000000000001,0.2047952047952048,0.6000000000000001
70774607,16545,,0.0055555882909175,0.0055555882909175,False,13,24.90420516816539,0.5962702260048925,0.3636363636363636,0.15,0.3636363636363636,0.15,0.3766233766233766,0.3,0.3766233766233766,0.3,0.3926073926073926,0.6000000000000001,0.3926073926073926,0.6000000000000001
70775391,16545,,0.0055556092452206,0.0055556092452206,False,17,24.90428904633609,0.4779516352120004,0.7682317682317682,0.15,0.7682317682317682,0.15,0.8061938061938062,0.3,0.8061938061938062,0.3,0.8151848151848152,0.6000000000000001,0.8151848151848152,0.6000000000000001
70775634,16546,,0.0055556078482368,0.0055556078482368,False,17,24.904284324996297,0.4867377009636384,0.5144855144855145,0.15,0.5144855144855145,0.15,0.5534465534465535,0.3,0.5534465534465535,0.3,0.5884115884115884,0.6000000000000001,0.5884115884115884,0.6000000000000001
70776480,16545,,0.0055555840999659,0.0055555840999659,False,14,24.904188466292,0.5341672971936134,0.6203796203796204,0.15,0.6203796203796204,0.15,0.6723276723276723,0.3,0.6723276723276723,0.3,0.6593406593406593,0.6000000000000001,0.6593406593406593,0.6000000000000001
70777408,16546,0.0055556055194756,0.0055556055194756,0.0055556055194756,True,13,24.904274705831085,0.5911216326616494,0.3566433566433566,0.15,0.3566433566433566,0.15,0.3876123876123876,0.3,0.3876123876123876,0.3,0.4145854145854146,0.6000000000000001,0.4145854145854146,0.6000000000000001
70785900,16544,,0.0055556120382789,0.0055556120382789,False,8,24.904300996136044,0.9126444416225314,0.0009990009990009,0.15,0.0009990009990009,0.15,0.0019980019980019,0.3,0.0019980019980019,0.3,0.0159840159840159,0.6000000000000001,0.0159840159840159,0.6000000000000001
70787947,16544,,0.0055556120387336,0.0055556120387336,False,17,24.904302168205504,0.4866406419592852,0.3776223776223776,0.15,0.3776223776223776,0.15,0.3676323676323676,0.3,0.3676323676323676,0.3,0.4035964035964036,0.6000000000000001,0.4035964035964036,0.6000000000000001
70788069,16546,,0.0055556152974531,0.0055556152974531,False,20,24.90431573571277,0.491981736770268,0.4625374625374625,0.15,0.4625374625374625,0.15,0.4385614385614386,0.3,0.4385614385614386,0.3,0.4245754245754246,0.6000000000000001,0.4245754245754246,0.6000000000000001
70797827,16546,,0.0055556148331561,0.0055556148331561,False,17,24.904315052122,0.4601810205249542,0.7232767232767233,0.15,0.7232767232767233,0.15,0.7342657342657343,0.3,0.7342657342657343,0.3,0.7182817182817183,0.6000000000000001,0.7182817182817183,0.6000000000000001
70857782,16545,,0.0055556055203851,0.0055556055203851,False,16,24.90428283208621,0.4077547301981401,0.981018981018981,0.15,0.981018981018981,0.15,0.978021978021978,0.3,0.978021978021978,0.3,0.972027972027972,0.6000000000000001,0.972027972027972,0.6000000000000001
70858051,16544,,0.0055556134357175,0.0055556134357175,False,14,24.90431367050496,0.4628415454635768,0.8521478521478522,0.15,0.8521478521478522,0.15,0.8861138861138861,0.3,0.8861138861138861,0.3,0.8861138861138861,0.6000000000000001,0.8861138861138861,0.6000000000000001
7143936,16543,,0.0055555403268954,0.0055555403268954,False,3,24.904022846404587,0.9967666895334674,0.0269730269730269,0.15,0.0269730269730269,0.15,0.0939060939060939,0.3,0.0939060939060939,0.3,0.1338661338661338,0.6000000000000001,0.1338661338661338,0.6000000000000001
7186216,16543,,0.0055555477783855,0.0055555477783855,False,16,24.90405895890308,0.5520189148322686,0.4125874125874126,0.15,0.4125874125874126,0.15,0.4285714285714285,0.3,0.4285714285714285,0.3,0.4595404595404595,0.6000000000000001,0.4595404595404595,0.6000000000000001
7186505,16544,,0.005555551503221,0.005555551503221,False,13,24.904074225608383,0.5537760006786032,0.3946053946053946,0.15,0.3946053946053946,0.15,0.4435564435564436,0.3,0.4435564435564436,0.3,0.4485514485514486,0.6000000000000001,0.4485514485514486,0.6000000000000001
75353219,11187,,0.0027777203047207,0.0027777203047207,False,9,17.77461664604425,0.5851744452833773,0.6373626373626373,0.15,0.6373626373626373,0.15,0.6533466533466533,0.3,0.6533466533466533,0.3,0.6483516483516484,0.6000000000000001,0.6483516483516484,0.6000000000000001
75353949,11142,,0.0027777272900948,0.0027777272900948,False,6,17.77466140633851,0.7144989015517619,0.3526473526473526,0.15,0.3526473526473526,0.15,0.3686313686313686,0.3,0.3686313686313686,0.3,0.4115884115884116,0.6000000000000001,0.4115884115884116,0.6000000000000001
75373928,11135,,0.0027777291525126,0.0027777291525126,False,10,17.774672130052295,0.7354375598455171,0.1378621378621378,0.15,0.1378621378621378,0.15,0.1938061938061938,0.3,0.1938061938061938,0.3,0.2167832167832167,0.6000000000000001,0.2167832167832167,0.6000000000000001
75377810,11184,,0.0027777319464803,0.0027777319464803,False,3,17.774685073573437,0.958437173469728,0.2127872127872128,0.15,0.2127872127872128,0.15,0.3436563436563437,0.3,0.3436563436563437,0.3,0.3836163836163836,0.6000000000000001,0.3836163836163836,0.6000000000000001
76987466,16546,,0.0055555277550638,0.0055555277550638,False,10,24.9039268335664,0.7177846633836723,0.0279720279720279,0.15,0.0279720279720279,0.15,0.0979020979020979,0.3,0.0979020979020979,0.3,0.1688311688311688,0.6000000000000001,0.1688311688311688,0.6000000000000001
77005811,16543,,0.0055555314806952,0.0055555314806952,False,9,24.90394319038478,0.7290407119392986,0.1628371628371628,0.15,0.1628371628371628,0.15,0.2747252747252747,0.3,0.2747252747252747,0.3,0.3486513486513486,0.6000000000000001,0.3486513486513486,0.6000000000000001
79172136,16489,,0.0055554709040279,0.0055554709040279,False,14,25.377274648979665,0.4456400847322442,0.8621378621378621,0.15,0.8621378621378621,0.15,0.919080919080919,0.3,0.919080919080919,0.3,0.902097902097902,0.6000000000000001,0.902097902097902,0.6000000000000001
79282952,16489,,0.0055554799843093,0.0055554799843093,False,14,25.37731729563734,0.4961238253714428,0.7882117882117882,0.15,0.7882117882117882,0.15,0.8181818181818182,0.3,0.8181818181818182,0.3,0.8061938061938062,0.6000000000000001,0.8061938061938062,0.6000000000000001
79325634,16488,,0.0055554848738665,0.0055554848738665,False,5,25.377337150037647,0.8636399428621663,0.0969030969030969,0.15,0.0969030969030969,0.15,0.3106893106893107,0.3,0.3106893106893107,0.3,0.4855144855144855,0.6000000000000001,0.4855144855144855,0.6000000000000001
79354962,16488,,0.0055554941877744,0.0055554941877744,False,6,25.377373052057237,0.7919102090979746,0.0349650349650349,0.15,0.0349650349650349,0.15,0.1258741258741259,0.3,0.1258741258741259,0.3,0.2257742257742257,0.6000000000000001,0.2257742257742257,0.6000000000000001
79395764,16490,,0.0055554969808326,0.0055554969808326,False,14,25.377384785324693,0.5228677837712449,0.4955044955044955,0.15,0.4955044955044955,0.15,0.5104895104895105,0.3,0.5104895104895105,0.3,0.5074925074925075,0.6000000000000001,0.5074925074925075,0.6000000000000001
79398126,16490,,0.0055554923249019,0.0055554923249019,False,7,25.37736848857662,0.7881168037233344,0.0429570429570429,0.15,0.0429570429570429,0.15,0.2317682317682317,0.3,0.2317682317682317,0.3,0.3966033966033966,0.6000000000000001,0.3966033966033966,0.6000000000000001
79403675,16488,0.4611055537866377,0.4611055537866377,0.4611055537866377,True,7,25.377356938779712,0.9852579836994156,0.0009990009990009,0.15,0.0399600399600399,1.383316661359913,0.0029970029970029,0.3,0.0399600399600399,1.383316661359913,0.0179820179820179,0.6000000000000001,0.0399600399600399,1.383316661359913
79405368,16487,,0.0055554983782712,0.0055554983782712,False,15,25.378781034830354,0.568985845134361,0.3376623376623376,0.15,0.3376623376623376,0.15,0.3536463536463536,0.3,0.3536463536463536,0.3,0.3596403596403596,0.6000000000000001,0.3596403596403596,0.6000000000000001
79405578,16491,,0.0055555004736334,0.0055555004736334,False,4,25.378788375514887,0.9294277725076155,0.0369630369630369,0.15,0.0369630369630369,0.15,0.1748251748251748,0.3,0.1748251748251748,0.3,0.3016983016983017,0.6000000000000001,0.3016983016983017,0.6000000000000001
79424904,16491,0.0055555039654109,0.0055555039654109,0.0055555039654109,True,17,25.378802482723582,0.4556996544293881,0.7042957042957043,0.15,0.7042957042957043,0.15,0.7182817182817183,0.3,0.7182817182817183,0.3,0.7712287712287712,0.6000000000000001,0.7712287712287712,0.6000000000000001
79569274,11750,,0.0027778111143561,0.0027778111143561,False,14,17.777987902652512,0.4340559728554209,0.964035964035964,0.15,0.964035964035964,0.15,0.946053946053946,0.3,0.946053946053946,0.3,0.94005994005994,0.6000000000000001,0.94005994005994,0.6000000000000001
80080784,15997,,0.0041667273931125,0.0041667273931125,False,5,24.826591837597334,0.8787855021910438,0.4455544455544455,0.15,0.4455544455544455,0.15,0.5614385614385614,0.3,0.5614385614385614,0.3,0.5974025974025974,0.6000000000000001,0.5974025974025974,0.6000000000000001
80260513,16541,,0.0055555705953338,0.0055555705953338,False,6,24.90415633473185,0.891564921864908,0.0309690309690309,0.15,0.0309690309690309,0.15,0.1678321678321678,0.3,0.1678321678321678,0.3,0.2967032967032967,0.6000000000000001,0.2967032967032967,0.6000000000000001
80314959,16542,,0.0055555664043822,0.0055555664043822,False,14,24.90414249062178,0.5287416879617962,0.4955044955044955,0.15,0.4955044955044955,0.15,0.5314685314685315,0.3,0.5314685314685315,0.3,0.5144855144855145,0.6000000000000001,0.5144855144855145,0.6000000000000001
80339388,16541,0.0055555696635565,0.0055555696635565,0.0055555696635565,True,11,24.90415846420092,0.5471570244643723,0.5084915084915085,0.15,0.5084915084915085,0.15,0.5424575424575424,0.3,0.5424575424575424,0.3,0.5474525474525475,0.6000000000000001,0.5474525474525475,0.6000000000000001
80340568,16542,,0.0055555882904627,0.0055555882904627,False,14,24.904235339291517,0.570613961358179,0.3436563436563437,0.15,0.3436563436563437,0.15,0.3236763236763236,0.3,0.3236763236763236,0.3,0.3496503496503496,0.6000000000000001,0.3496503496503496,0.6000000000000001
80342205,16545,,0.0055555854976319,0.0055555854976319,False,15,24.904225256793325,0.5018674796512633,0.5304695304695305,0.15,0.5304695304695305,0.15,0.4775224775224775,0.3,0.4775224775224775,0.3,0.4875124875124875,0.6000000000000001,0.4875124875124875,0.6000000000000001
80363380,16544,,0.411113809199378,0.411113809199378,False,0,24.90425304280234,,,,,,,,,,,,,
80427253,16542,,0.0055555966732754,0.0055555966732754,False,14,24.904275784302627,0.5383059059780204,0.5954045954045954,0.15,0.5954045954045954,0.15,0.6063936063936064,0.3,0.6063936063936064,0.3,0.6803196803196803,0.6000000000000001,0.6803196803196803,0.6000000000000001
80427281,16542,,0.2888910996298364,0.2888910996298364,False,7,24.904281466301654,0.94691569299905,0.0009990009990009,0.15,0.0139860139860139,0.8666732988895092,0.0029970029970029,0.3,0.0139860139860139,0.8666732988895092,0.0029970029970029,0.6000000000000001,0.0139860139860139,0.8666732988895092
80427599,16544,,0.005555598535011,0.005555598535011,False,14,24.904283304266755,0.5507641873883405,0.4245754245754246,0.15,0.4245754245754246,0.15,0.4465534465534465,0.3,0.4465534465534465,0.3,0.4235764235764235,0.6000000000000001,0.4235764235764235,0.6000000000000001
80427634,16544,,0.0055555976036885,0.0055555976036885,False,19,24.904279827173923,0.5693657145357737,0.1938061938061938,0.15,0.1938061938061938,0.15,0.1808191808191808,0.3,0.1808191808191808,0.3,0.2107892107892107,0.6000000000000001,0.2107892107892107,0.6000000000000001
80430264,16544,,0.0055555971389367,0.0055555971389367,False,16,24.904280012972777,0.5215071006779898,0.3816183816183816,0.15,0.3816183816183816,0.15,0.3946053946053946,0.3,0.3946053946053946,0.3,0.3226773226773227,0.6000000000000001,0.3226773226773227,0.6000000000000001
80430430,16542,,0.0055556031911692,0.0055556031911692,False,15,24.904303752385204,0.5356880567164843,0.3936063936063936,0.15,0.3936063936063936,0.15,0.4625374625374625,0.3,0.4625374625374625,0.3,0.4965034965034965,0.6000000000000001,0.4965034965034965,0.6000000000000001
80438267,16544,,0.0055555808403369,0.0055555808403369,False,14,24.904214270679404,0.5367875447308177,0.5464535464535465,0.15,0.5464535464535465,0.15,0.6083916083916084,0.3,0.6083916083916084,0.3,0.6553446553446554,0.6000000000000001,0.6553446553446554,0.6000000000000001
80438901,16545,0.0055555896869918,0.0055555896869918,0.0055555896869918,True,12,24.90425050820795,0.5879249670665233,0.3166833166833167,0.15,0.3166833166833167,0.15,0.3526473526473526,0.3,0.3526473526473526,0.3,0.3696303696303696,0.6000000000000001,0.3696303696303696,0.6000000000000001
80509361,16545,,0.0055555901533352,0.0055555901533352,False,20,24.904256511513267,0.4719327837080048,0.3506493506493506,0.15,0.3506493506493506,0.15,0.3136863136863136,0.3,0.3136863136863136,0.3,0.2977022977022977,0.6000000000000001,0.2977022977022977,0.6000000000000001
80510666,16544,,0.0055556125057592,0.0055556125057592,False,18,24.904349128283684,0.5825372864413875,0.1928071928071928,0.15,0.1928071928071928,0.15,0.1828171828171828,0.3,0.1828171828171828,0.3,0.2007992007992008,0.6000000000000001,0.2007992007992008,0.6000000000000001
8196402,16396,,0.0055554755610955,0.0055554755610955,False,15,25.25225891635023,0.7342740302084161,0.0029970029970029,0.15,0.0029970029970029,0.15,0.0039960039960039,0.3,0.0039960039960039,0.3,0.0069930069930069,0.6000000000000001,0.0069930069930069,0.6000000000000001
89002990,16485,,0.0055556078089011,0.0055556078089011,False,10,25.37928376974105,0.5736207758674006,0.2927072927072927,0.15,0.2927072927072927,0.15,0.5504495504495505,0.3,0.5504495504495505,0.3,0.7202797202797203,0.6000000000000001,0.7202797202797203,0.6000000000000001
89018360,16490,,0.0055556175875608,0.0055556175875608,False,14,25.379324342809017,0.6995784912435342,0.0219780219780219,0.15,0.0219780219780219,0.15,0.0349650349650349,0.3,0.0349650349650349,0.3,0.0349650349650349,0.6000000000000001,0.0349650349650349,0.6000000000000001
89021585,16491,,0.0055556082738803,0.0055556082738803,False,22,25.379287341363124,0.4738410768285483,0.3816183816183816,0.15,0.3816183816183816,0.15,0.3256743256743257,0.3,0.3256743256743257,0.3,0.3126873126873127,0.6000000000000001,0.3126873126873127,0.6000000000000001
92131593,16545,,0.005555635787914,0.005555635787914,False,10,24.904377232805015,0.6711621492598817,0.2047952047952048,0.15,0.2047952047952048,0.15,0.3316683316683316,0.3,0.3316683316683316,0.3,0.3956043956043956,0.6000000000000001,0.3956043956043956,0.6000000000000001
92196301,16490,0.0055555877851247,0.0055555877851247,0.0055555877851247,True,10,25.379190766006104,0.6572510694015575,0.0959040959040959,0.15,0.0959040959040959,0.15,0.1498501498501498,0.3,0.1498501498501498,0.3,0.1788211788211788,0.6000000000000001,0.1788211788211788,0.6000000000000001
92228046,16491,,0.0055555933736286,0.0055555933736286,False,12,25.379215482841573,0.5613578257459608,0.6583416583416584,0.15,0.6583416583416584,0.15,0.6563436563436563,0.3,0.6563436563436563,0.3,0.6803196803196803,0.6000000000000001,0.6803196803196803,0.6000000000000001
92258567,15935,,0.0041666198260372,0.0041666198260372,False,15,24.598180883988334,0.5032732870177109,0.5984015984015985,0.15,0.5984015984015985,0.15,0.6243756243756243,0.3,0.6243756243756243,0.3,0.6793206793206793,0.6000000000000001,0.6793206793206793,0.6000000000000001
92364700,16367,,0.005555507225381,0.005555507225381,False,12,25.201004845328725,0.5510543015309106,0.2087912087912088,0.15,0.2087912087912088,0.15,0.3616383616383616,0.3,0.3616383616383616,0.3,0.4005994005994006,0.6000000000000001,0.4005994005994006,0.6000000000000001
92364863,16280,,0.0055555067604018,0.0055555067604018,False,10,25.07600681667509,0.5108819305651001,0.3996003996003996,0.15,0.3996003996003996,0.15,0.7302697302697303,0.3,0.7302697302697303,0.3,0.8181818181818182,0.6000000000000001,0.8181818181818182,0.6000000000000001
92442172,16283,,0.0055555067606292,0.0055555067606292,False,13,25.078787163791276,0.4658913457729574,0.6263736263736264,0.15,0.6263736263736264,0.15,0.7022977022977023,0.3,0.7022977022977023,0.3,0.7932067932067932,0.6000000000000001,0.7932067932067932,0.6000000000000001
92444934,16365,0.3833301271365599,0.3833301271365599,0.3833301271365599,True,1,25.19823793719661,,,,,,,,,,,,,
92451349,16391,0.0055555146766437,0.0055555146766437,0.0055555146766437,True,15,25.24131523820097,0.4903443245125576,0.5064935064935064,0.15,0.5064935064935064,0.15,0.6363636363636364,0.3,0.6363636363636364,0.3,0.6903096903096904,0.6000000000000001,0.6903096903096904,0.6000000000000001
92452841,16394,,0.0444441323161299,0.0444441323161299,False,13,25.241324041527605,0.5594226815942294,0.2607392607392607,0.15,0.2607392607392607,0.15,0.3406593406593406,0.3,0.3406593406593406,0.3,0.4405594405594406,0.6000000000000001,0.4405594405594406,0.6000000000000001
92497469,16351,,0.0055555137453211,0.0055555137453211,False,9,25.178813652026975,0.7332220047185557,0.0159840159840159,0.15,0.0159840159840159,0.15,0.0289710289710289,0.3,0.0289710289710289,0.3,0.0789210789210789,0.6000000000000001,0.0789210789210789,0.6000000000000001
92595555,15822,,0.0041666417114356,0.0041666417114356,False,0,25.21634612993148,,,,,,,,,,,,,
92706840,16391,0.0055555244557581,0.0055555244557581,0.0055555244557581,True,7,25.241361288376993,0.789594239831878,0.0489510489510489,0.15,0.0489510489510489,0.15,0.1298701298701298,0.3,0.1298701298701298,0.3,0.1938061938061938,0.6000000000000001,0.1938061938061938,0.6000000000000001
92731064,15708,,0.0041666468343919,0.0041666468343919,False,14,25.21776632374213,0.6308147341393514,0.0879120879120879,0.15,0.0879120879120879,0.15,0.1618381618381618,0.3,0.1618381618381618,0.3,0.2007992007992008,0.6000000000000001,0.2007992007992008,0.6000000000000001
92734713,16423,,0.0055555179360453,0.0055555179360453,False,17,25.28439243582784,0.4217473333222155,0.8551448551448552,0.15,0.8551448551448552,0.15,0.8861138861138861,0.3,0.8861138861138861,0.3,0.8741258741258742,0.6000000000000001,0.8741258741258742,0.6000000000000001
92994093,11138,,0.0027778208875588,0.0027778208875588,False,11,17.776617201892805,0.5550240759908821,0.7552447552447552,0.15,0.7552447552447552,0.15,0.7802197802197802,0.3,0.7802197802197802,0.3,0.7832167832167832,0.6000000000000001,0.7832167832167832,0.6000000000000001
92995003,11138,,0.0027778204218975,0.0027778204218975,False,5,17.776614667298418,0.9184429453466038,0.1298701298701298,0.15,0.1298701298701298,0.15,0.1758241758241758,0.3,0.1758241758241758,0.3,0.1808191808191808,0.6000000000000001,0.1808191808191808,0.6000000000000001
9699512,16546,,0.005555666521559,0.005555666521559,False,13,24.90451626902086,0.648966358112054,0.0809190809190809,0.15,0.0809190809190809,0.15,0.1078921078921078,0.3,0.1078921078921078,0.3,0.1518481518481518,0.6000000000000001,0.1518481518481518,0.6000000000000001
97410755,16356,,0.0055556394734139,0.0055556394734139,False,10,25.189117756977794,0.6522163855318491,0.1338661338661338,0.15,0.1338661338661338,0.15,0.2447552447552447,0.3,0.2447552447552447,0.3,0.3146853146853147,0.6000000000000001,0.3146853146853147,0.6000000000000001
97469879,11057,,0.0027777794443863,0.0027777794443863,False,8,17.776372135533165,0.7210242461734155,0.2167832167832167,0.15,0.2167832167832167,0.15,0.1828171828171828,0.3,0.1828171828171828,0.3,0.1608391608391608,0.6000000000000001,0.1608391608391608,0.6000000000000001
97475019,11058,,0.0027777817729202,0.0027777817729202,False,12,17.776386405723315,0.5194937779165315,0.8241758241758241,0.15,0.8241758241758241,0.15,0.7992007992007992,0.3,0.7992007992007992,0.3,0.7852147852147852,0.6000000000000001,0.7852147852147852,0.6000000000000001
9788918,16546,,0.0055556818883815,0.0055556818883815,False,17,24.90458747468529,0.4821905744077428,0.5814185814185814,0.15,0.5814185814185814,0.15,0.5594405594405595,0.3,0.5594405594405595,0.3,0.5404595404595405,0.6000000000000001,0.5404595404595405,0.6000000000000001
98609758,11074,,0.0027777244963544,0.0027777244963544,False,8,17.773259735608235,0.7803372970486412,0.1338661338661338,0.15,0.1338661338661338,0.15,0.1328671328671328,0.3,0.1328671328671328,0.3,0.1538461538461538,0.6000000000000001,0.1538461538461538,0.6000000000000001
98659013,10977,,0.0027777251942779,0.0027777251942779,False,16,17.773268648365274,0.40549188343042,0.964035964035964,0.15,0.964035964035964,0.15,0.9630369630369632,0.3,0.9630369630369632,0.3,0.97002997002997,0.6000000000000001,0.97002997002997,0.6000000000000001
98665166,10949,,0.0027777268247746,0.0027777268247746,False,9,17.774669460881796,0.7659116420220478,0.1808191808191808,0.15,0.1808191808191808,0.15,0.1748251748251748,0.3,0.1748251748251748,0.3,0.1588411588411588,0.6000000000000001,0.1588411588411588,0.6000000000000001
98666609,11075,,0.0027777235652592,0.0027777235652592,False,15,17.774644382227507,0.5483827036014214,0.6533466533466533,0.15,0.6533466533466533,0.15,0.6323676323676324,0.3,0.6323676323676324,0.3,0.6343656343656343,0.6000000000000001,0.6343656343656343,0.6000000000000001
98666650,11044,,0.0027777240302384,0.0027777240302384,False,12,17.77464678224578,0.5614954651345887,0.5254745254745254,0.15,0.5254745254745254,0.15,0.5564435564435565,0.3,0.5564435564435565,0.3,0.5484515484515484,0.6000000000000001,0.5484515484515484,0.6000000000000001
98672854,11076,,0.0027777291529673,0.0027777291529673,False,6,17.77467699667841,0.9136982538383654,0.1858141858141858,0.15,0.1858141858141858,0.15,0.2217782217782218,0.3,0.2217782217782218,0.3,0.1898101898101898,0.6000000000000001,0.1898101898101898,0.6000000000000001
98672920,10992,,0.0027777291525126,0.0027777291525126,False,12,17.774680790420916,0.5188603221345811,0.7372627372627373,0.15,0.7372627372627373,0.15,0.7042957042957043,0.3,0.7042957042957043,0.3,0.6553446553446554,0.6000000000000001,0.6553446553446554,0.6000000000000001
98678529,11076,,0.0027777286866239,0.0027777286866239,False,9,17.774672791756984,0.686965146861262,0.5034965034965035,0.15,0.5034965034965035,0.15,0.4775224775224775,0.3,0.4775224775224775,0.3,0.4555444555444555,0.6000000000000001,0.4555444555444555,0.6000000000000001
